
>**<*
<^^^*
.<*>.
<<>..
*..*.

0.0,0.0,0.0,0.0,0.0,
0.0,0.0,0.0,0.0,0.0,
0.0,0.0,0.0,0.0,0.0,
0.0,0.0,0.0,0.0,0.0,
0.0,0.0,0.0,0.0,0.0,

^^^^^
^^^^^
^^^^^
^^^^^
^^^^^
st:,1,21,20,21,16,21
st:,10,10,10,5,10,5
st:,14,14,13,18,13,14
st:,5,6,1,21,20,21
st:,2,2,2,7,8,3
st:,12,7,2,3,13,12
st:,21,16,21,16,21,16
st:,12,7,2,3,13,12
st:,22,23,23,22,22,17
st:,23,18,23,18,23,18
st:,11,16,21,20,21,20
st:,15,10,11,16,21,20
st:,21,20,21,22,21,16
st:,23,24,24,24,23,24
st:,4,4,4,3,13,12
st:,0,5,6,1,21,20
st:,22,21,20,21,20,21
st:,16,21,20,21,20,15
st:,16,21,20,21,20,21
st:,3,13,12,7,6,1
st:,7,6,1,21,22,21
st:,14,9,4,9,8,9
st:,17,12,7,6,7,6
st:,17,16,21,21,20,20
st:,13,8,9,14,13,12
st:,18,19,24,23,18,19
st:,13,12,7,2,7,2
st:,13,12,7,6,1,21
st:,2,3,13,12,7,6
st:,3,13,12,7,6,1
st:,6,1,21,22,21,20
st:,22,21,22,21,22,21
st:,12,7,6,1,21,22
st:,5,5,6,1,21,22
st:,9,9,9,9,9,9
st:,2,2,3,13,12,7
st:,13,12,7,6,1,21
st:,1,21,22,21,22,21
st:,12,7,6,5,10,11
st:,23,18,17,12,7,6
st:,10,15,20,21,21,22
st:,12,7,6,1,21,22
st:,23,18,19,14,13,12
st:,14,9,4,4,4,4
st:,15,10,11,16,21,22
st:,22,21,22,21,22,21
st:,7,6,1,21,21,22
st:,24,19,18,17,22,21
st:,20,21,22,21,21,22
st:,23,18,19,18,23,18
st:,6,1,21,22,21,22
st:,5,6,1,21,22,21
st:,21,22,21,22,21,22
st:,9,14,9,14,14,19
st:,0,5,6,1,21,22
st:,13,12,7,12,13,12
st:,0,5,0,5,6,1
st:,21,20,21,22,22,21
st:,11,12,7,6,1,21
st:,1,21,20,21,22,17
st:,3,13,8,7,6,1
st:,17,22,17,22,17,22
st:,3,13,12,7,6,1
st:,21,22,21,22,21,22
st:,2,1,21,20,21,22
st:,18,17,18,17,22,21
st:,3,13,12,7,6,1
st:,5,6,1,21,22,17
st:,23,18,23,18,13,8
st:,3,13,12,7,12,7
st:,16,15,15,15,15,15
st:,17,22,21,22,21,22
st:,10,11,12,7,6,1
st:,9,14,19,14,19,18
st:,6,1,21,22,21,22
st:,22,17,12,17,18,19
st:,11,12,7,2,1,21
st:,16,17,22,21,22,21
st:,9,8,7,8,7,6
st:,1,21,20,21,22,21
st:,18,23,18,23,18,23
st:,1,21,22,17,18,17
st:,10,15,16,21,22,22
st:,20,21,22,22,17,12
st:,2,1,21,22,21,22
st:,16,21,22,21,22,21
st:,13,12,7,6,1,21
st:,13,12,7,12,7,6
st:,17,18,17,18,17,18
st:,22,17,18,17,18,17
st:,22,17,12,7,6,1
st:,18,17,18,17,18,17
st:,19,18,17,18,19,18
st:,14,19,14,19,14,14
st:,9,14,13,12,7,12
st:,23,18,17,22,23,22
st:,10,11,12,7,6,1
st:,9,8,7,6,1,21
st:,13,12,7,6,1,21
st:,18,13,18,23,18,17
st:,22,21,22,17,18,23
st:,9,8,7,8,7,6
st:,12,7,6,1,21,22
st:,6,1,21,22,17,22
st:,0,5,0,5,5,5
st:,7,6,1,21,16,21
st:,24,19,18,17,18,23
st:,3,13,8,7,6,1
st:,10,11,12,7,6,1
st:,22,17,22,17,22,17
st:,12,7,6,1,21,22
st:,20,21,22,21,20,21
st:,24,19,18,19,18,23
st:,12,7,6,1,21,22
st:,18,23,24,19,24,19
st:,15,10,15,10,11,12
st:,19,18,17,18,17,18
st:,24,19,18,23,18,17
st:,14,13,12,7,6,1
st:,2,1,21,16,21,22
st:,16,21,22,17,18,23
st:,23,18,17,22,21,16
st:,8,7,6,1,21,22
st:,21,21,22,21,22,21
st:,4,9,9,8,7,6
st:,2,1,21,22,21,22
st:,11,12,7,6,1,21
st:,22,17,22,17,22,17
st:,4,3,13,12,7,6
st:,2,1,21,22,21,22
st:,3,13,12,7,6,7
st:,4,4,3,13,12,7
st:,13,12,7,6,1,21
st:,20,21,21,22,22,21
st:,22,17,18,13,12,11
st:,20,21,22,17,12,7
st:,10,11,12,7,6,1
st:,5,10,15,20,21,22
st:,24,19,18,13,12,7
st:,0,5,6,1,21,22
st:,5,6,1,21,22,23
st:,14,14,14,14,14,14
st:,21,22,23,18,13,12
st:,11,12,13,8,7,6
st:,17,22,21,22,21,22
st:,8,7,8,7,6,1
st:,12,17,22,17,22,17
st:,2,1,21,22,21,22
st:,6,1,21,16,11,12
st:,13,12,7,12,7,6
st:,7,6,1,21,16,11
st:,4,3,13,12,7,6
st:,14,13,12,11,12,7
st:,21,16,15,10,11,12
st:,15,10,11,10,11,12
st:,9,8,7,6,1,21
st:,11,16,11,6,11,12
st:,11,12,13,12,7,6
st:,3,13,12,7,6,1
st:,0,5,6,1,21,22
st:,5,10,10,11,12,7
st:,19,18,19,14,13,12
st:,8,7,6,1,21,22
st:,16,11,12,7,6,1
st:,22,21,16,11,16,11
st:,19,14,19,14,19,14
st:,16,11,12,7,6,1
st:,23,18,17,18,17,22
st:,21,22,23,18,17,22
st:,8,3,13,12,7,2
st:,2,1,21,22,21,22
st:,20,21,16,11,12,7
st:,0,0,5,0,5,6
st:,4,3,13,12,7,8
st:,0,5,6,1,21,22
st:,22,21,22,21,22,23
st:,7,6,1,21,22,21
st:,21,22,21,22,21,22
st:,23,18,19,24,23,23
st:,15,20,21,22,17,12
st:,21,22,21,20,21,22
st:,4,9,14,19,24,19
st:,19,14,13,12,7,12
st:,17,18,23,18,23,18
st:,3,13,12,7,6,5
st:,2,2,1,21,22,21
st:,5,6,1,21,20,21
st:,23,18,17,12,7,2
st:,15,20,21,22,21,16
st:,20,21,22,21,22,21
st:,13,12,7,6,5,10
st:,22,22,17,22,21,22
st:,23,22,23,22,21,20
st:,22,21,22,21,22,23
st:,0,5,10,11,6,11
st:,21,22,21,16,11,16
st:,24,24,19,14,13,12
st:,11,12,7,6,1,21
st:,23,18,17,22,21,22
st:,9,8,7,6,1,21
st:,6,5,6,1,21,22
st:,16,17,18,19,18,19
st:,16,21,22,21,22,21
st:,9,8,7,6,1,21
st:,15,10,11,12,7,6
st:,12,7,6,1,21,20
st:,17,22,17,22,17,22
st:,10,10,11,12,7,6
st:,16,11,12,7,6,1
st:,2,1,21,20,21,21
st:,2,1,21,20,21,20
st:,1,21,21,20,21,22
st:,8,13,12,7,6,1
st:,16,11,12,13,12,7
st:,22,17,18,19,24,23
st:,20,21,20,21,21,20
st:,13,12,7,6,1,21
st:,1,21,22,21,20,15
st:,24,23,22,21,22,21
st:,3,13,12,7,6,1
st:,23,22,21,22,21,22
st:,24,23,18,13,12,7
st:,22,22,17,22,17,22
st:,1,21,20,15,10,15
st:,12,7,6,11,12,7
st:,5,5,6,1,21,20
st:,6,7,6,1,21,22
st:,20,15,10,15,10,15
st:,14,14,13,12,7,2
st:,8,9,8,7,6,1
st:,19,19,18,19,18,17
st:,0,5,6,1,21,20
st:,11,12,7,6,11,12
st:,2,1,21,20,20,15
st:,5,6,1,21,22,21
st:,1,21,22,21,22,21
st:,1,21,22,21,22,22
st:,5,6,7,6,1,21
st:,4,3,13,12,7,6
st:,3,13,12,7,6,1
st:,1,21,20,21,20,20
st:,3,13,12,11,12,7
st:,0,5,10,15,10,15
st:,19,24,19,14,13,12
st:,21,22,22,21,22,21
st:,13,12,7,6,1,21
st:,12,7,6,1,21,20
st:,4,3,13,12,7,6
st:,8,3,13,12,7,6
st:,10,15,10,11,10,15
st:,12,7,6,1,21,20
st:,2,1,21,20,20,20
st:,20,20,20,20,20,20
st:,23,18,23,24,19,19
st:,7,6,1,21,22,21
st:,24,23,22,21,21,22
st:,15,10,11,12,7,6
st:,6,1,21,22,21,22
st:,22,21,22,21,22,21
st:,20,15,10,11,12,7
st:,15,20,15,20,15,20
st:,24,23,22,21,20,21
st:,7,12,7,6,1,21
st:,3,13,12,13,12,7
st:,18,17,22,21,22,17
st:,19,24,19,24,19,14
st:,10,11,12,11,12,17
st:,23,18,17,22,21,20
st:,19,24,24,23,18,17
st:,7,6,1,21,22,21
st:,6,1,21,22,17,18
st:,19,24,23,22,21,20
st:,6,1,21,20,15,10
st:,13,12,7,6,7,6
st:,6,1,21,20,21,20
st:,21,20,15,10,15,10
st:,2,1,21,22,21,16
st:,13,12,7,6,1,21
st:,16,11,12,7,6,5
st:,10,11,12,7,6,1
st:,13,12,7,6,1,21
st:,12,7,6,1,21,20
st:,17,22,21,20,15,10
st:,1,21,20,21,20,21
st:,12,7,6,1,21,20
st:,15,10,11,10,11,12
st:,0,5,6,1,21,21
st:,14,19,18,19,18,19
st:,19,24,19,24,24,24
st:,21,20,15,15,10,10
st:,10,11,12,7,6,1
st:,0,0,0,5,6,1
st:,2,7,6,1,21,20
st:,11,12,7,6,1,21
st:,16,21,20,21,20,21
st:,11,10,5,6,1,21
st:,12,7,12,7,6,1
st:,20,15,10,5,6,11
st:,9,9,8,7,6,5
st:,23,18,13,12,11,12
st:,3,13,12,7,6,1
st:,18,23,24,19,18,23
st:,6,1,21,20,15,10
st:,8,3,13,12,7,6
st:,3,13,12,7,6,1
st:,2,1,21,22,21,22
st:,4,9,8,7,6,1
st:,22,21,20,21,20,15
st:,1,21,21,20,15,10
st:,3,13,12,7,6,1
st:,14,19,18,19,18,17
st:,14,13,18,17,18,13
st:,22,21,22,21,16,21
st:,8,3,13,12,7,6
st:,24,24,19,18,17,18
st:,21,20,21,20,21,21
st:,6,1,21,20,15,10
st:,15,15,10,15,20,15
st:,22,21,20,21,20,21
st:,2,1,21,20,21,20
st:,13,12,7,2,1,21
st:,16,17,12,11,12,7
st:,23,22,21,22,21,22
st:,20,15,10,10,15,10
st:,14,13,12,7,6,1
st:,6,1,21,16,21,22
st:,7,6,1,21,22,21
st:,21,20,20,21,20,21
st:,10,5,6,1,21,20
st:,14,14,19,18,19,18
st:,15,10,5,6,1,21
st:,11,10,5,6,11,10
st:,18,19,24,23,22,21
st:,8,7,6,1,21,20
st:,3,13,12,7,6,1
st:,1,21,20,15,10,15
st:,0,5,6,1,21,20
st:,18,19,19,24,19,19
st:,8,7,6,1,21,22
st:,4,3,13,18,17,12
st:,21,16,11,10,5,6
st:,23,22,21,22,21,22
st:,4,3,13,8,7,6
st:,0,5,6,11,12,7
st:,2,1,21,20,15,10
st:,4,9,8,3,13,12
st:,19,24,23,18,13,12
st:,0,5,6,1,21,20
st:,14,13,12,7,2,1
st:,5,6,1,21,22,21
st:,15,10,5,6,1,21
st:,4,4,3,13,12,11
st:,24,23,22,21,20,15
st:,18,17,18,17,18,17
st:,5,6,1,21,22,21
st:,10,5,6,1,21,20
st:,2,3,13,12,7,12
st:,13,12,7,6,1,21
st:,0,5,0,5,6,1
st:,0,5,6,1,21,22
st:,7,6,1,21,20,15
st:,1,21,20,15,10,5
st:,7,6,1,21,20,15
st:,15,10,5,6,1,21
st:,23,23,22,21,16,21
st:,16,11,10,11,10,5
st:,15,16,15,10,5,6
st:,2,1,21,22,21,22
st:,5,6,1,21,22,21
st:,1,21,22,22,21,22
st:,15,10,5,6,1,21
st:,17,22,21,22,21,16
st:,6,1,21,22,21,22
st:,1,21,22,21,22,21
st:,11,10,5,6,1,21
st:,12,7,8,7,6,1
st:,21,22,17,22,23,22
st:,23,22,21,22,21,16
st:,8,3,13,12,7,6
st:,12,7,6,1,21,20
st:,10,5,10,5,6,1
st:,11,10,5,6,1,21
st:,2,1,21,20,15,16
st:,16,21,22,21,22,21
st:,6,1,21,22,21,22
st:,0,5,6,1,21,22
st:,5,6,1,21,20,20
st:,2,1,21,20,15,10
st:,9,8,7,6,1,21
st:,11,10,11,10,5,10
st:,13,12,7,6,1,21
st:,21,20,15,16,21,20
st:,1,21,20,15,10,5
st:,8,13,12,7,6,1
st:,22,21,20,15,16,21
st:,5,6,1,21,22,21
st:,3,13,12,7,12,7
st:,15,10,5,6,1,21
st:,7,6,1,21,22,21
st:,19,14,13,12,7,6
st:,20,15,10,5,6,1
st:,23,22,21,22,21,22
st:,14,13,12,13,12,7
st:,5,6,1,21,20,20
st:,10,5,6,1,21,20
st:,0,5,6,1,21,22
st:,20,15,10,5,6,1
st:,14,19,18,17,12,7
st:,4,3,13,12,7,6
st:,3,13,12,7,6,1
st:,1,21,20,15,10,5
st:,22,21,21,20,15,10
st:,13,14,19,24,19,24
st:,19,18,17,16,21,20
st:,16,17,22,21,22,21
st:,11,12,7,8,3,13
st:,1,21,20,15,10,5
st:,10,5,6,1,21,22
st:,9,14,19,18,17,18
st:,17,22,21,20,20,15
st:,11,10,5,0,5,6
st:,21,22,21,22,21,22
st:,7,6,1,21,22,21
st:,24,23,18,17,18,17
st:,15,16,21,22,21,22
st:,23,18,17,18,17,18
st:,11,16,21,21,20,20
st:,18,13,12,7,6,1
st:,9,8,3,13,14,19
st:,14,14,19,14,19,14
st:,3,13,12,7,6,5
st:,12,7,2,1,21,22
st:,15,10,5,5,6,1
st:,9,8,3,13,12,17
st:,10,5,0,5,6,1
st:,22,21,22,21,22,21
st:,18,17,12,7,6,11
st:,15,10,5,6,1,21
st:,14,19,18,17,22,21
st:,20,15,10,5,6,7
st:,2,1,21,16,17,18
st:,1,21,22,17,22,21
st:,19,24,24,24,24,24
st:,10,5,6,1,21,22
st:,21,22,22,17,22,21
st:,6,1,21,20,15,10
st:,14,9,8,7,6,1
st:,8,3,13,8,3,13
st:,19,19,19,14,9,14
st:,1,21,22,21,22,21
st:,4,3,13,14,14,13
st:,20,15,10,5,6,1
st:,5,6,1,21,16,21
st:,11,12,7,6,1,21
st:,15,10,5,10,5,6
st:,6,1,21,20,15,10
st:,9,8,3,13,12,7
st:,22,21,20,15,10,5
st:,9,8,3,13,12,7
st:,6,1,21,16,11,12
st:,14,14,19,18,17,12
st:,22,21,20,15,10,5
st:,9,8,3,13,8,3
st:,23,22,21,22,17,16
st:,2,1,21,21,21,20
st:,7,8,3,13,12,7
st:,6,1,21,22,21,22
st:,21,20,15,10,10,5
st:,10,5,0,5,6,11
st:,14,13,8,3,13,8
st:,17,12,7,6,1,21
st:,16,11,16,11,12,7
st:,17,22,22,21,22,21
st:,1,21,22,21,22,21
st:,6,1,21,20,15,10
st:,7,6,1,21,22,21
st:,24,19,18,13,8,3
st:,9,8,3,13,12,17
st:,6,1,21,22,21,22
st:,13,12,7,6,1,21
st:,3,13,8,3,13,18
st:,18,17,22,21,20,15
st:,1,21,20,15,10,5
st:,14,19,18,17,12,7
st:,8,3,13,8,3,13
st:,13,12,7,6,1,21
st:,9,4,4,3,13,8
st:,18,23,22,21,20,15
st:,21,22,21,22,17,22
st:,14,19,18,17,18,17
st:,22,21,20,21,20,21
st:,18,13,8,3,13,8
st:,7,2,1,21,22,21
st:,4,4,3,13,18,23
st:,17,12,7,2,1,21
st:,5,6,1,21,22,21
st:,11,12,7,2,1,21
st:,8,3,13,8,3,13
st:,19,18,17,16,11,10
st:,3,13,8,3,13,8
st:,1,21,20,20,15,15
st:,18,17,12,7,2,2
st:,3,13,8,13,8,3
st:,14,14,13,8,3,13
st:,18,19,18,19,18,19
st:,1,21,22,21,22,21
st:,10,11,16,21,22,21
st:,14,19,18,23,18,23
st:,21,22,23,22,21,21
st:,15,10,5,6,1,21
st:,15,10,5,6,1,21
st:,9,8,3,13,8,3
st:,14,13,12,7,2,1
st:,1,21,22,21,22,21
st:,0,1,21,20,15,10
st:,22,21,22,21,22,21
st:,16,17,16,17,16,17
st:,12,7,2,7,2,1
st:,11,12,7,6,1,21
st:,14,13,8,3,13,8
st:,7,6,1,21,20,15
st:,4,4,4,4,9,8
st:,13,14,13,8,3,13
st:,2,1,21,20,15,10
st:,14,13,8,13,8,3
st:,18,19,24,23,22,21
st:,18,19,24,23,18,19
st:,7,6,1,21,22,21
st:,3,13,8,3,13,8
st:,10,15,10,5,6,11
st:,19,24,23,18,17,22
st:,7,6,11,10,5,6
st:,1,21,22,21,22,21
st:,20,15,10,5,6,1
st:,24,19,24,19,18,13
st:,22,21,22,21,22,21
st:,3,13,8,3,13,14
st:,6,11,12,7,6,1
st:,11,10,5,6,1,21
st:,23,22,21,20,15,10
st:,22,22,21,22,21,22
st:,9,8,3,13,8,3
st:,23,18,17,12,7,6
st:,16,11,10,5,6,1
st:,2,1,21,20,15,10
st:,1,21,20,15,15,10
st:,13,8,3,13,8,3
st:,23,22,21,20,15,10
st:,15,10,5,6,1,21
st:,23,22,21,22,21,22
st:,11,12,11,12,17,12
st:,22,21,20,15,10,5
st:,17,12,7,6,1,21
st:,9,8,3,13,8,3
st:,21,22,21,22,21,20
st:,0,1,21,20,15,10
st:,4,3,13,14,19,14
st:,0,1,21,20,15,10
st:,15,10,10,11,10,5
st:,14,19,24,23,24,23
st:,23,22,22,21,22,21
st:,19,18,17,12,17,12
st:,8,9,8,3,13,8
st:,11,10,5,6,1,21
st:,0,1,21,20,20,15
st:,8,3,13,8,3,13
st:,19,24,23,22,21,20
st:,22,21,20,15,10,5
st:,14,13,8,3,13,8
st:,7,6,7,6,7,6
st:,11,12,7,6,1,21
st:,19,14,19,14,19,24
st:,20,15,10,5,6,1
st:,5,6,1,21,22,17
st:,19,18,23,22,21,20
st:,24,23,22,21,22,21
st:,2,1,21,20,15,10
st:,13,14,13,8,7,2
st:,6,1,21,22,21,22
st:,24,23,22,21,22,21
st:,24,23,22,21,20,15
st:,17,12,7,6,5,6
st:,5,6,1,21,21,20
st:,11,12,7,2,1,21
st:,0,1,21,22,21,22
st:,10,5,6,1,21,22
st:,13,8,3,13,8,3
st:,17,18,17,18,17,18
st:,11,12,7,12,7,6
st:,18,17,18,17,18,23
st:,12,7,6,1,21,20
st:,17,18,13,8,9,8
st:,17,18,17,18,17,18
st:,9,8,3,13,8,3
st:,14,19,24,19,14,19
st:,1,21,20,15,10,5
st:,10,5,6,7,2,1
st:,24,23,24,23,24,23
st:,22,21,22,21,22,21
st:,20,15,16,17,18,19
st:,19,19,24,19,19,24
st:,7,6,1,21,22,21
st:,18,17,22,21,22,21
st:,7,6,1,21,20,15
st:,1,21,20,15,10,5
st:,22,21,20,15,20,15
st:,18,17,18,17,18,17
st:,9,8,3,13,8,3
st:,7,6,1,21,20,20
st:,7,6,7,6,1,21
st:,4,4,3,13,8,3
st:,19,18,17,18,17,16
st:,17,12,7,6,1,21
st:,14,9,8,3,13,8
st:,22,23,18,17,12,7
st:,21,20,15,10,5,5
st:,19,18,17,12,7,8
st:,21,22,21,22,21,22
st:,0,1,21,20,15,10
st:,14,19,24,23,22,21
st:,3,13,8,3,13,8
st:,1,21,20,15,10,5
st:,19,18,19,18,19,14
st:,0,1,21,22,21,22
st:,0,1,21,22,21,22
st:,22,21,21,20,15,10
st:,14,19,14,19,14,19
st:,13,8,3,13,8,3
st:,5,6,1,21,22,21
st:,16,21,20,20,20,20
st:,23,22,21,21,20,15
st:,20,15,15,10,5,6
st:,18,17,12,7,6,1
st:,15,10,5,6,11,6
st:,3,13,8,9,8,3
st:,21,16,11,12,7,6
st:,7,6,1,21,20,15
st:,12,7,6,1,21,20
st:,20,15,10,5,6,1
st:,5,6,5,10,5,6
st:,20,15,10,10,5,5
st:,5,6,1,21,20,15
st:,13,14,13,14,13,12
st:,1,21,22,21,22,21
st:,14,13,8,3,13,8
st:,14,19,18,23,22,21
st:,12,7,6,1,21,22
st:,3,13,8,3,13,8
st:,6,1,21,22,21,22
st:,5,10,5,6,1,21
st:,6,1,21,20,15,10
st:,5,6,1,21,20,15
st:,12,7,6,1,21,22
st:,1,21,22,21,22,21
st:,21,22,21,22,21,22
st:,12,7,6,1,21,16
st:,22,21,22,17,12,7
st:,19,18,17,12,7,6
st:,20,15,10,10,5,6
st:,1,21,22,21,22,21
st:,18,17,12,7,6,1
st:,23,24,19,18,13,18
st:,4,3,13,8,3,13
st:,14,19,18,23,18,23
st:,1,21,22,21,22,21
st:,0,1,21,16,11,12
st:,10,5,6,1,21,20
st:,5,6,1,21,20,15
st:,18,17,12,7,12,7
st:,10,5,6,7,6,5
st:,17,12,7,6,1,21
st:,10,5,6,1,21,20
st:,14,13,14,13,12,7
st:,2,1,21,22,23,22
st:,20,15,10,5,6,1
st:,18,17,12,7,6,1
st:,8,3,13,8,3,13
st:,19,14,13,8,3,13
st:,0,1,21,20,15,10
st:,13,14,13,8,3,13
st:,18,17,16,11,12,7
st:,15,10,5,6,1,21
st:,24,23,22,21,22,23
st:,9,8,3,13,8,13
st:,12,7,6,1,21,20
st:,23,22,21,22,21,20
st:,4,3,13,8,3,13
st:,14,13,8,3,13,8
st:,0,1,21,21,20,15
st:,21,22,21,22,21,22
st:,8,3,13,8,3,13
st:,11,12,7,6,1,21
st:,5,6,11,12,11,12
st:,7,6,1,21,20,15
st:,11,10,5,6,1,21
st:,5,6,1,21,22,21
st:,8,7,6,1,21,22
st:,2,1,21,20,15,10
st:,22,21,22,21,22,21
st:,23,18,19,18,17,12
st:,8,3,13,8,3,13
st:,10,5,6,1,21,20
st:,23,22,21,20,15,10
st:,14,13,8,3,13,8
st:,11,12,7,6,1,21
st:,3,13,8,3,13,8
st:,15,20,20,15,10,10
st:,7,6,1,21,20,15
st:,16,11,12,7,6,11
st:,9,8,3,13,8,3
st:,6,1,21,21,20,15
st:,17,12,7,6,1,21
st:,17,16,11,10,5,6
st:,10,5,6,1,21,20
st:,8,3,13,8,3,13
st:,11,12,7,6,1,21
st:,8,9,8,3,13,8
st:,12,7,6,1,21,20
st:,23,22,21,22,21,22
st:,10,5,6,7,6,1
st:,2,2,1,21,21,22
st:,19,14,13,8,3,13
st:,0,1,21,20,15,10
st:,2,7,6,1,21,20
st:,6,1,21,20,20,15
st:,24,23,18,17,12,7
st:,4,4,3,13,8,3
st:,4,4,9,8,9,8
st:,1,21,20,15,16,15
st:,23,22,21,20,15,10
st:,21,22,21,22,21,22
st:,10,5,0,1,21,16
st:,9,8,9,4,3,13
st:,23,18,17,22,21,22
st:,24,19,18,23,22,21
st:,22,21,20,21,20,20
st:,24,23,23,22,21,20
st:,23,22,21,20,15,10
st:,8,3,13,8,3,13
st:,6,1,21,20,15,10
st:,4,3,13,8,3,13
st:,17,12,7,6,1,21
st:,24,23,22,21,20,15
st:,8,3,13,8,3,13
st:,10,5,6,1,21,20
st:,1,21,20,15,10,5
st:,3,13,8,3,13,8
st:,6,1,21,22,22,22
st:,22,21,20,15,10,5
st:,5,6,1,21,20,15
st:,10,5,6,1,21,20
st:,9,8,3,13,8,13
st:,2,1,21,22,21,22
st:,19,19,24,19,24,19
st:,6,1,21,22,21,16
st:,15,10,5,6,1,21
st:,9,8,3,13,14,13
st:,4,4,3,13,8,3
st:,19,18,19,18,23,22
st:,21,20,15,10,5,6
st:,3,13,8,3,13,8
st:,2,1,21,22,21,22
st:,24,23,22,21,22,21
st:,4,3,13,8,3,13
st:,19,14,9,8,3,13
st:,7,6,1,21,20,15
st:,15,10,5,6,1,21
st:,21,20,15,10,5,6
st:,24,19,18,19,18,13
st:,22,21,22,21,16,15
st:,10,5,6,1,21,22
st:,13,8,3,13,8,3
st:,17,12,11,12,7,6
st:,16,15,10,5,6,5
st:,23,18,23,18,19,14
st:,23,22,21,20,15,10
st:,6,1,21,20,15,10
st:,0,1,21,20,15,10
st:,8,3,13,8,9,8
st:,1,21,20,15,15,10
st:,9,8,3,13,8,13
st:,1,21,20,15,10,5
st:,4,4,3,13,8,3
st:,19,18,19,18,23,22
st:,15,20,15,10,5,10
st:,23,22,17,12,7,6
st:,14,13,8,7,6,1
st:,3,13,18,17,12,7
st:,10,5,6,1,21,22
st:,6,1,21,20,15,10
st:,21,20,15,10,5,6
st:,16,21,20,15,10,5
st:,18,17,12,7,6,1
st:,9,8,3,13,8,3
st:,4,3,13,8,7,6
st:,21,20,15,15,10,5
st:,9,8,13,8,3,13
st:,17,12,7,6,1,21
st:,1,21,20,15,10,11
st:,14,13,8,3,13,8
st:,5,6,1,21,22,21
st:,4,3,13,8,3,13
st:,4,3,13,14,13,8
st:,7,6,1,21,22,17
st:,21,20,21,20,15,16
st:,20,20,20,15,10,5
st:,5,6,1,21,20,15
st:,19,14,13,8,3,13
st:,21,22,21,22,21,22
st:,11,10,15,10,5,6
st:,20,15,10,5,5,6
st:,15,15,10,5,6,1
st:,14,13,8,3,13,8
st:,4,3,13,12,7,6
st:,15,10,5,6,1,21
st:,17,12,7,6,5,5
st:,24,19,18,23,22,21
st:,2,7,6,1,21,20
st:,3,13,8,3,13,8
st:,5,6,1,21,20,15
st:,15,10,10,5,6,1
st:,10,5,6,1,21,22
st:,15,10,5,6,1,21
st:,5,6,1,21,22,21
st:,21,20,15,10,5,6
st:,10,5,6,1,21,20
st:,18,17,12,13,8,3
st:,9,14,13,8,3,13
st:,12,7,6,1,21,22
st:,3,13,8,3,13,14
st:,16,17,18,19,18,19
st:,21,22,21,22,21,22
st:,5,6,1,21,20,15
st:,4,3,13,8,9,8
st:,9,8,3,13,8,7
st:,24,23,18,17,12,7
st:,21,20,15,16,21,20
st:,2,1,21,20,15,16
st:,11,10,5,6,1,21
st:,21,22,23,22,21,22
st:,3,13,8,3,13,8
st:,11,12,7,6,1,21
st:,18,17,12,7,6,1
st:,5,6,1,21,20,15
st:,2,1,21,20,15,10
st:,6,11,12,7,8,7
st:,7,6,1,21,20,15
st:,3,13,8,3,13,8
st:,11,10,11,10,10,5
st:,6,1,21,22,23,22
st:,21,22,23,24,19,24
st:,11,10,5,6,1,21
st:,3,13,8,3,13,8
st:,10,15,10,10,5,6
st:,6,1,21,20,15,10
st:,7,6,1,21,22,21
st:,13,8,3,13,8,3
st:,5,6,1,21,20,15
st:,5,6,1,21,20,15
st:,20,15,10,10,5,6
st:,12,7,6,1,21,22
st:,12,7,6,1,21,20
st:,24,23,18,19,18,19
st:,1,21,20,15,10,5
st:,22,21,20,20,21,20
st:,4,3,13,8,7,6
st:,11,10,5,6,1,21
st:,7,12,7,2,1,21
st:,7,6,1,21,20,15
st:,24,23,22,22,21,22
st:,0,1,21,22,21,22
st:,8,3,13,8,3,13
st:,22,21,20,21,20,15
st:,23,24,24,23,22,17
st:,22,17,12,7,6,1
st:,2,3,13,8,3,13
st:,20,15,10,5,6,5
st:,21,22,21,20,15,10
st:,10,5,6,1,21,20
st:,21,20,15,10,5,6
st:,8,3,13,8,3,13
st:,18,17,12,7,6,7
st:,5,6,1,21,20,15
st:,24,23,22,21,20,15
st:,4,4,3,13,8,3
st:,23,22,21,20,21,20
st:,6,1,21,20,15,10
st:,3,13,18,19,18,17
st:,12,7,8,3,13,14
st:,14,13,8,3,13,8
st:,9,8,3,13,8,7
st:,21,20,15,20,15,10
st:,12,7,8,3,13,8
st:,20,15,10,5,6,1
st:,3,13,18,13,8,3
st:,19,14,9,4,3,13
st:,20,15,10,5,0,0
st:,0,1,21,20,15,10
st:,22,21,16,15,10,5
st:,20,15,10,5,6,1
st:,6,1,21,20,15,10
st:,12,7,6,1,21,20
st:,11,10,5,6,1,21
st:,18,19,14,13,8,3
st:,10,5,6,5,6,1
st:,15,10,10,5,6,1
st:,4,3,13,8,7,6
st:,23,22,21,20,15,10
st:,11,10,5,6,1,21
st:,24,23,22,21,22,21
st:,14,9,8,9,8,3
st:,19,18,17,12,7,6
st:,15,10,5,6,5,6
st:,2,1,21,20,15,10
st:,3,13,14,9,8,3
st:,15,10,5,0,1,21
st:,15,10,11,12,7,6
st:,16,11,12,7,6,11
st:,11,12,17,12,7,6
st:,16,17,12,7,6,1
st:,20,15,10,5,6,1
st:,11,10,5,6,1,21
st:,20,15,10,5,6,1
st:,20,15,10,5,0,1
st:,21,20,15,10,5,6
st:,1,21,20,15,15,10
st:,22,21,20,20,15,10
st:,5,6,1,21,22,17
st:,8,3,13,8,3,13
st:,12,7,8,3,13,8
st:,23,22,21,20,15,10
st:,5,6,1,21,22,23
st:,21,20,21,20,15,10
st:,17,12,7,6,1,21
st:,9,8,3,13,8,3
st:,0,1,21,20,15,10
st:,19,18,17,12,11,10
st:,7,6,1,21,22,21
st:,18,13,8,3,13,18
st:,3,13,8,3,13,8
st:,7,6,1,21,20,15
st:,13,8,3,13,8,3
st:,24,23,23,24,24,23
st:,15,10,5,6,1,21
st:,19,18,17,22,21,20
st:,8,3,13,8,3,13
st:,17,12,7,6,1,21
st:,17,12,7,6,1,21
st:,18,19,14,9,4,3
st:,0,1,21,20,15,10
st:,2,1,21,20,15,10
st:,3,13,8,3,13,8
st:,10,5,6,1,21,20
st:,2,1,21,22,23,18
st:,0,1,21,20,15,20
st:,13,8,3,13,8,3
st:,11,10,5,6,1,21
st:,6,1,21,20,20,15
st:,11,10,5,6,1,21
st:,8,7,6,7,2,1
st:,11,10,5,6,1,21
st:,6,1,21,20,15,10
st:,0,1,21,22,21,22
st:,14,9,8,9,8,3
st:,24,19,19,14,14,9
st:,17,12,17,22,21,22
st:,7,6,1,21,20,15
st:,11,10,5,6,1,21
st:,24,19,24,19,14,19
st:,4,3,13,8,3,13
st:,6,1,21,20,15,10
st:,12,7,6,1,21,20
st:,14,19,14,13,8,3
st:,16,11,10,5,6,1
st:,20,15,10,5,6,1
st:,1,21,20,15,10,15
st:,7,2,1,21,22,21
st:,8,3,13,8,3,13
st:,21,20,15,10,5,6
st:,9,8,3,13,8,3
st:,14,13,8,3,13,14
st:,12,7,6,1,21,20
st:,0,1,21,20,15,16
st:,20,15,10,5,0,1
st:,21,20,15,16,15,16
st:,7,6,7,6,1,21
st:,1,21,20,15,10,5
st:,14,13,8,7,12,7
st:,7,6,1,21,22,17
st:,22,21,20,15,10,5
st:,24,23,23,22,21,20
st:,13,8,7,6,1,21
st:,21,20,20,15,10,5
st:,20,20,15,10,5,6
st:,1,21,22,21,22,21
st:,19,18,17,12,7,6
st:,14,13,8,3,13,8
st:,10,5,5,6,1,21
st:,17,12,7,6,1,21
st:,12,7,2,1,21,20
st:,19,18,13,8,3,13
st:,19,18,19,18,17,12
st:,17,22,17,12,7,6
st:,18,19,14,13,12,7
st:,23,22,21,22,21,22
st:,9,8,3,13,8,7
st:,8,3,13,14,13,8
st:,22,22,21,22,21,21
st:,17,12,7,2,1,21
st:,7,8,3,13,8,3
st:,2,1,21,20,15,20
st:,2,1,21,20,15,10
st:,1,21,20,15,10,5
st:,11,10,15,10,5,0
st:,24,19,18,17,12,7
st:,23,22,21,20,15,10
st:,4,3,13,8,3,13
st:,9,8,3,13,8,3
st:,18,19,24,19,14,13
st:,9,8,3,13,8,7
st:,22,21,20,15,10,5
st:,19,14,13,12,7,6
st:,11,10,5,6,1,21
st:,10,5,6,1,21,20
st:,1,21,20,15,10,5
st:,17,12,7,12,7,2
st:,20,20,15,20,15,10
st:,6,1,21,20,15,20
st:,0,1,21,20,15,10
st:,20,15,20,20,15,20
st:,20,15,10,5,6,1
st:,4,3,13,12,7,6
st:,24,19,18,23,22,23
st:,13,8,3,13,8,3
st:,4,3,13,8,3,13
st:,23,22,17,18,17,12
st:,13,18,17,12,13,8
st:,22,17,12,7,2,1
st:,15,10,5,6,1,21
st:,23,23,18,23,18,19
st:,5,6,1,21,20,15
st:,3,13,8,3,13,14
st:,1,21,22,21,22,21
st:,5,6,1,21,20,20
st:,14,13,8,3,13,12
st:,11,12,7,2,1,21
st:,23,24,23,22,23,22
st:,13,8,3,13,8,3
st:,14,13,8,3,13,14
st:,19,14,13,8,3,13
st:,7,6,1,21,22,21
st:,13,8,3,13,14,13
st:,14,13,8,3,13,8
st:,0,1,21,22,21,22
st:,16,21,22,23,22,23
st:,5,6,11,10,15,20
st:,23,22,21,20,15,10
st:,5,5,6,1,21,20
st:,11,10,5,6,1,21
st:,0,0,1,21,20,15
st:,14,14,13,8,7,8
st:,21,20,15,10,5,6
st:,0,1,21,22,21,16
st:,18,17,18,19,14,13
st:,14,13,8,3,13,8
st:,8,13,18,17,16,15
st:,15,10,5,5,6,1
st:,2,3,13,8,3,13
st:,23,22,21,16,21,22
st:,14,13,8,3,13,8
st:,0,1,21,20,15,10
st:,3,13,8,3,13,8
st:,17,12,7,6,1,21
st:,14,13,12,7,6,1
st:,24,23,22,23,22,23
st:,1,21,22,21,22,23
st:,0,1,21,20,15,10
st:,11,10,5,6,1,21
st:,14,13,8,7,6,7
st:,20,15,15,10,5,6
st:,1,21,16,15,10,5
st:,5,6,1,21,20,15
st:,11,10,5,5,6,1
st:,7,6,1,21,20,15
st:,3,13,8,3,13,8
st:,22,21,20,15,10,5
st:,8,13,8,3,13,8
st:,13,8,3,13,8,3
st:,0,1,21,20,15,10
st:,14,19,14,13,8,3
st:,1,21,20,15,20,15
st:,10,5,6,7,6,1
st:,3,13,8,7,6,1
st:,0,1,21,22,21,20
st:,23,18,23,18,23,22
st:,14,9,8,3,13,8
st:,3,13,8,3,13,8
st:,8,3,13,8,3,13
st:,5,6,1,21,20,21
st:,10,5,6,1,21,20
st:,3,13,8,9,8,3
st:,22,22,21,20,15,10
st:,3,13,8,3,13,8
st:,3,13,8,3,13,8
st:,2,1,21,20,15,10
st:,1,21,21,20,15,10
st:,2,1,21,21,20,15
st:,0,1,21,20,15,10
st:,21,20,15,20,15,10
st:,18,17,12,7,6,1
st:,18,17,12,17,12,7
st:,6,1,21,20,15,10
st:,22,21,22,21,22,21
st:,13,8,3,13,8,3
st:,18,13,8,3,13,8
st:,7,6,1,21,20,15
st:,3,13,8,3,13,8
st:,5,6,7,6,11,10
st:,7,2,1,21,20,15
st:,12,7,2,1,21,20
st:,5,6,1,21,22,21
st:,0,1,21,22,21,22
st:,15,10,5,6,1,21
st:,24,23,22,21,20,20
st:,0,1,21,20,20,15
st:,5,6,1,21,20,15
st:,4,3,13,8,3,13
st:,13,8,3,13,8,9
st:,18,17,12,7,6,1
st:,4,3,13,8,3,13
st:,2,1,21,20,15,10
st:,15,10,5,6,1,21
st:,2,1,21,22,21,22
st:,17,12,7,6,1,21
st:,0,1,21,20,15,10
st:,9,14,13,8,3,13
st:,13,8,3,13,8,9
st:,4,3,13,8,9,8
st:,15,10,5,6,1,21
st:,6,7,6,1,21,22
st:,10,15,10,5,6,1
st:,13,18,17,12,11,10
st:,1,21,22,21,16,15
st:,20,21,22,21,22,21
st:,0,1,21,20,15,10
st:,7,2,1,21,22,21
st:,20,15,10,5,6,1
st:,3,13,8,3,13,8
st:,21,22,21,22,21,22
st:,24,23,18,17,16,15
st:,8,3,13,8,3,13
st:,17,16,15,10,5,6
st:,11,10,5,0,1,21
st:,3,13,8,3,13,8
st:,16,15,10,5,6,7
st:,8,3,13,8,13,14
st:,7,2,1,21,22,21
st:,21,20,21,20,15,10
st:,8,13,8,3,13,8
st:,20,15,10,15,15,10
st:,19,14,13,12,7,2
st:,4,3,13,8,3,13
st:,5,6,1,21,20,15
st:,14,13,8,3,13,8
st:,8,3,13,8,3,13
st:,0,5,6,1,21,20
st:,24,19,14,13,8,3
st:,9,8,3,13,8,3
st:,19,14,9,8,3,13
st:,23,22,21,22,21,22
st:,7,6,1,21,22,23
st:,5,6,1,21,22,21
st:,12,7,2,1,21,20
st:,15,10,5,6,1,21
st:,6,1,21,22,21,22
st:,12,7,8,3,13,8
st:,0,1,21,20,20,20
st:,16,11,10,5,6,1
st:,6,1,21,20,15,10
st:,4,3,13,8,3,13
st:,22,23,24,23,18,19
st:,17,12,17,12,7,6
st:,23,18,19,18,17,12
st:,12,7,6,1,21,20
st:,12,7,6,1,21,20
st:,9,8,3,13,8,3
st:,4,3,13,8,3,13
st:,7,6,1,21,20,15
st:,14,9,4,3,13,18
st:,11,10,5,6,1,21
st:,4,3,13,8,3,13
st:,15,15,10,5,6,1
st:,4,3,13,8,3,13
st:,0,1,21,20,20,15
st:,17,12,7,2,1,21
st:,23,22,21,20,20,15
st:,11,10,5,6,5,6
st:,9,4,3,13,12,7
st:,18,17,12,7,2,1
st:,23,22,21,20,15,10
st:,23,22,21,20,15,10
st:,1,21,20,15,10,5
st:,9,8,3,13,8,13
st:,13,8,3,13,8,3
st:,14,14,13,14,13,8
st:,6,1,21,20,15,20
st:,10,5,6,1,21,22
st:,10,5,6,1,21,20
st:,20,15,10,5,6,1
st:,12,13,8,3,13,8
st:,10,5,6,1,21,21
st:,7,6,1,21,20,15
st:,12,7,6,1,21,20
st:,5,0,1,21,16,15
st:,7,2,1,21,20,15
st:,3,13,8,3,13,8
st:,6,1,21,21,20,15
st:,14,9,8,3,13,8
st:,5,6,1,21,20,20
st:,24,23,23,24,23,24
st:,20,15,10,5,6,1
st:,15,10,5,6,1,21
st:,13,8,3,13,8,3
st:,12,7,2,1,21,20
st:,13,8,3,13,8,3
st:,7,6,5,6,1,21
st:,17,12,13,8,3,13
st:,5,6,1,21,20,15
st:,17,12,7,6,1,21
st:,0,1,21,22,17,12
st:,11,10,5,6,1,21
st:,0,1,21,20,15,10
st:,22,17,12,17,12,7
st:,1,21,20,15,10,5
st:,13,8,3,13,8,3
st:,24,23,18,17,12,7
st:,17,12,7,2,1,21
st:,13,8,3,13,8,3
st:,0,0,1,21,22,21
st:,18,19,14,13,8,3
st:,0,1,21,22,21,22
st:,13,8,3,13,8,3
st:,4,3,13,8,3,13
st:,20,15,10,10,5,6
st:,19,14,13,8,13,8
st:,6,1,21,21,22,21
st:,21,20,15,10,5,6
st:,5,6,7,12,7,12
st:,12,7,2,1,21,20
st:,19,24,19,18,17,12
st:,9,8,3,13,8,3
st:,10,5,6,11,10,5
st:,16,15,10,5,6,1
st:,12,7,6,1,21,20
st:,17,12,7,2,1,21
st:,6,1,21,20,15,16
st:,0,1,21,20,15,15
st:,16,21,20,15,10,11
st:,12,7,12,7,2,1
st:,5,6,1,21,20,15
st:,23,22,23,22,23,22
st:,20,15,10,5,6,1
st:,24,19,19,14,9,8
st:,10,5,6,11,10,5
st:,10,5,6,1,21,20
st:,18,17,12,7,6,1
st:,5,6,1,21,20,15
st:,5,5,6,5,5,0
st:,20,15,10,5,6,1
st:,2,1,21,20,15,10
st:,16,15,16,15,16,21
st:,22,23,23,22,23,22
st:,9,8,3,13,8,3
st:,21,20,15,10,5,6
st:,10,10,5,0,1,21
st:,11,10,5,6,1,21
st:,3,13,8,3,13,8
st:,21,20,21,20,15,20
st:,10,5,6,1,21,22
st:,2,1,21,20,15,10
st:,11,10,5,0,1,21
st:,11,6,1,21,20,15
st:,14,13,8,3,13,8
st:,4,3,13,8,3,13
st:,11,12,7,2,1,21
st:,9,8,3,13,8,3
st:,8,3,13,8,13,8
st:,21,20,15,10,15,10
st:,24,24,23,22,21,22
st:,3,13,8,3,13,8
st:,16,15,10,10,5,6
st:,12,7,6,1,21,20
st:,23,24,23,24,24,23
st:,6,1,21,20,21,22
st:,8,3,13,8,3,13
st:,0,1,21,20,21,20
st:,19,19,14,9,8,3
st:,22,17,12,7,2,1
st:,20,15,10,15,10,10
st:,13,8,3,13,8,3
st:,14,9,9,8,3,13
st:,2,1,21,16,11,6
st:,3,13,8,3,13,8
st:,19,14,9,8,3,13
st:,24,19,14,13,8,3
st:,12,7,6,1,21,20
st:,15,10,5,6,1,21
st:,19,18,13,18,17,12
st:,13,8,13,12,7,2
st:,6,1,21,22,21,20
st:,16,15,10,5,6,1
st:,11,16,21,20,15,10
st:,1,21,22,21,22,21
st:,18,17,12,7,2,1
st:,8,3,13,12,7,12
st:,6,1,21,22,21,20
st:,10,5,6,7,6,7
st:,11,6,1,21,20,20
st:,5,6,1,21,20,15
st:,4,3,13,8,3,13
st:,18,17,12,7,8,3
st:,5,6,7,6,1,21
st:,6,1,21,20,20,15
st:,13,8,3,13,8,3
st:,6,5,6,1,21,20
st:,8,3,13,14,13,8
st:,2,1,21,20,15,10
st:,11,10,5,6,1,21
st:,7,6,1,21,20,15
st:,0,1,21,20,15,10
st:,18,19,18,17,12,7
st:,6,1,21,22,21,22
st:,14,13,8,3,13,8
st:,16,15,10,5,6,7
st:,20,15,10,5,6,1
st:,13,8,3,13,8,3
st:,15,10,5,6,5,5
st:,20,15,10,5,6,1
st:,1,21,20,15,15,10
st:,18,17,12,7,6,1
st:,21,22,21,22,21,20
st:,9,8,3,13,14,9
st:,1,21,20,15,10,5
st:,8,3,13,18,17,12
st:,11,6,1,21,20,15
st:,15,15,10,5,6,1
st:,8,7,2,1,21,22
st:,0,1,21,20,20,15
st:,3,13,8,3,13,8
st:,23,22,21,20,21,21
st:,6,1,21,20,15,10
st:,14,9,8,3,13,18
st:,13,8,3,13,8,3
st:,3,13,8,3,13,8
st:,20,15,10,5,6,1
st:,14,13,8,3,13,8
st:,16,15,10,5,6,1
st:,3,13,8,3,13,8
st:,13,8,3,13,8,3
st:,16,17,12,7,6,1
st:,1,21,20,15,10,15
st:,2,1,21,16,15,10
st:,8,3,13,8,3,13
st:,6,1,21,20,15,10
st:,20,15,10,5,6,1
st:,12,7,6,1,21,20
st:,20,15,16,15,10,5
st:,21,16,21,20,15,16
st:,13,8,3,13,8,3
st:,20,21,16,21,20,15
st:,20,15,10,5,6,1
st:,2,1,21,22,21,22
st:,9,14,19,18,13,8
st:,7,2,3,13,8,3
st:,17,12,7,2,1,21
st:,23,18,13,12,7,2
st:,19,18,23,22,21,20
st:,8,3,13,12,7,2
st:,2,1,21,20,15,10
st:,0,1,21,20,15,10
st:,6,1,21,20,21,21
st:,24,23,18,23,18,23
st:,7,2,1,21,20,15
st:,3,13,8,3,13,8
st:,22,21,22,21,22,21
st:,22,21,20,15,10,5
st:,20,15,10,5,6,1
st:,13,8,3,13,8,13
st:,1,21,20,15,10,5
st:,1,21,20,15,20,15
st:,2,1,21,20,15,10
st:,8,3,13,14,13,8
st:,18,17,12,7,2,1
st:,21,20,15,10,5,5
st:,4,3,13,8,3,13
st:,1,21,20,15,10,5
st:,18,23,22,21,22,21
st:,1,21,20,15,10,5
st:,21,22,21,22,21,16
st:,4,3,13,8,3,13
st:,17,12,7,2,1,21
st:,18,17,18,17,12,7
st:,20,15,10,5,6,1
st:,5,6,1,21,16,21
st:,7,6,7,6,7,6
st:,17,16,15,10,11,6
st:,24,19,14,13,8,3
st:,4,3,13,8,7,2
st:,24,19,14,13,8,3
st:,16,21,20,21,22,21
st:,13,8,3,13,8,3
st:,11,10,5,6,1,21
st:,7,6,1,21,22,17
st:,11,10,15,10,10,5
st:,3,13,8,3,13,14
st:,0,1,21,22,17,12
st:,7,2,1,21,20,15
st:,8,3,13,8,3,13
st:,20,15,10,5,6,5
st:,17,22,21,22,21,22
st:,20,15,10,5,5,6
st:,9,8,3,13,14,9
st:,16,11,10,5,6,1
st:,17,12,7,2,1,21
st:,21,20,15,10,5,6
st:,16,15,10,5,6,1
st:,17,12,7,12,7,6
st:,5,6,1,21,20,15
st:,21,22,23,18,13,8
st:,8,3,13,8,3,13
st:,10,5,6,1,21,20
st:,13,8,3,13,8,7
st:,6,1,21,22,21,20
st:,4,3,13,14,13,8
st:,5,6,5,6,5,6
st:,18,23,22,23,22,21
st:,11,12,7,2,1,21
st:,11,6,1,21,20,15
st:,4,3,13,8,3,13
st:,24,19,18,23,22,17
st:,13,8,3,13,14,9
st:,22,21,21,20,15,10
st:,4,3,13,8,3,13
st:,9,8,13,8,3,13
st:,22,21,22,21,22,23
st:,17,12,7,2,1,21
st:,24,19,14,9,8,3
st:,16,21,20,15,10,5
st:,13,8,3,13,8,3
st:,19,18,17,12,7,6
st:,14,13,8,3,13,14
st:,11,6,1,21,20,15
st:,23,18,23,18,23,18
st:,8,3,13,8,3,13
st:,10,5,10,5,6,1
st:,18,23,18,23,18,13
st:,5,6,1,21,20,15
st:,24,23,18,19,14,13
st:,4,3,13,8,3,13
st:,4,3,13,8,3,13
st:,14,13,18,19,19,18
st:,12,7,6,1,21,22
st:,7,2,1,21,20,20
st:,13,8,3,13,12,7
st:,10,5,6,1,21,20
st:,15,16,11,12,7,2
st:,9,9,4,4,3,13
st:,16,15,10,5,0,1
st:,9,8,3,13,8,3
st:,6,1,21,20,15,10
st:,12,7,8,7,6,1
st:,14,13,8,3,13,8
st:,17,12,7,2,1,21
st:,1,21,20,15,10,5
st:,20,15,10,5,6,1
st:,24,19,14,14,9,8
st:,15,20,15,10,5,6
st:,9,8,13,8,3,13
st:,0,1,21,20,15,10
st:,3,13,14,13,18,23
st:,18,19,14,13,12,7
st:,2,1,21,20,15,10
st:,9,9,8,7,2,1
st:,1,21,20,15,10,5
st:,3,13,12,17,12,7
st:,8,3,13,8,9,8
st:,20,20,15,10,5,6
st:,11,6,1,21,20,15
st:,6,1,21,16,15,10
st:,24,23,18,19,18,19
st:,16,15,10,5,6,1
st:,0,1,21,20,21,20
st:,5,6,1,21,20,15
st:,20,15,10,5,6,1
st:,17,18,19,14,9,8
st:,6,7,6,11,6,7
st:,24,19,19,14,9,8
st:,23,24,23,22,21,20
st:,16,15,10,10,15,10
st:,6,1,21,20,15,10
st:,21,20,15,10,5,6
st:,0,1,21,20,15,20
st:,11,12,7,2,1,21
st:,23,22,21,20,15,15
st:,15,10,5,6,1,21
st:,9,8,13,8,3,13
st:,20,15,20,21,20,15
st:,24,23,18,13,8,3
st:,20,15,10,5,6,5
st:,23,22,21,20,15,10
st:,2,1,21,20,20,15
st:,7,2,2,1,21,20
st:,20,15,10,10,5,10
st:,0,1,21,20,15,10
st:,16,15,10,5,6,1
st:,4,3,13,8,7,6
st:,2,1,21,22,21,20
st:,9,8,3,13,8,3
st:,10,5,6,1,21,20
st:,14,13,8,3,13,8
st:,5,6,1,21,20,15
st:,19,18,13,8,3,13
st:,21,20,15,20,15,10
st:,21,20,15,10,5,0
st:,2,1,21,20,15,10
st:,5,6,1,21,20,15
st:,17,12,7,6,1,21
st:,22,21,20,15,10,5
st:,22,22,21,20,15,10
st:,17,18,23,18,23,18
st:,12,7,12,7,2,1
st:,15,10,5,10,11,6
st:,3,13,8,3,13,8
st:,14,9,8,3,13,18
st:,20,15,10,5,6,11
st:,18,13,8,9,8,3
st:,22,21,20,20,15,10
st:,24,24,23,22,17,22
st:,7,2,1,21,16,15
st:,7,2,1,21,21,20
st:,22,21,20,20,15,10
st:,8,3,13,8,3,13
st:,1,21,20,15,10,5
st:,9,8,3,13,18,17
st:,5,5,6,1,21,20
st:,17,12,7,2,1,21
st:,23,22,21,20,15,10
st:,20,15,10,5,6,1
st:,18,13,18,13,8,3
st:,5,0,1,21,22,17
st:,22,21,22,21,22,21
st:,21,20,15,10,5,6
st:,15,10,5,6,1,21
st:,6,1,21,20,20,21
st:,4,3,13,8,3,13
st:,12,7,6,1,21,22
st:,15,10,5,6,1,21
st:,0,1,21,22,17,18
st:,18,17,18,17,16,15
st:,6,1,21,22,21,22
st:,6,1,21,20,15,10
st:,7,2,7,2,1,21
st:,23,22,21,20,15,10
st:,6,1,21,20,20,15
st:,23,22,17,12,7,6
st:,13,8,3,13,14,9
st:,6,11,16,15,20,15
st:,9,8,13,8,3,13
st:,12,7,6,1,21,20
st:,8,3,13,8,7,6
st:,5,6,1,21,21,20
st:,16,11,10,11,10,5
st:,3,13,8,3,13,8
st:,15,10,5,6,1,21
st:,17,18,19,18,19,18
st:,18,17,16,15,10,5
st:,6,5,0,1,21,21
st:,14,13,8,3,13,8
st:,10,10,10,5,6,1
st:,13,8,3,13,8,3
st:,8,3,13,8,3,13
st:,20,15,10,10,5,6
st:,21,22,23,22,21,21
st:,24,19,14,9,8,3
st:,8,3,13,8,3,13
st:,13,8,3,13,8,3
st:,9,8,3,13,8,3
st:,17,12,7,12,7,12
st:,13,8,3,13,8,3
st:,5,10,5,6,1,21
st:,3,13,8,3,13,8
st:,22,22,21,20,15,10
st:,2,1,21,20,15,10
st:,19,14,9,8,3,13
st:,1,21,20,15,10,5
st:,3,13,8,3,13,8
st:,17,12,7,6,1,21
st:,2,7,6,1,21,16
st:,24,19,18,23,24,19
st:,2,1,21,20,21,20
st:,2,1,21,20,15,10
st:,24,24,19,14,14,9
st:,4,3,13,14,9,8
st:,13,8,3,13,8,3
st:,11,6,1,21,20,15
st:,2,1,21,22,23,22
st:,20,15,10,5,6,1
st:,0,5,10,5,6,1
st:,5,10,5,6,1,21
st:,0,1,21,20,15,10
st:,11,16,15,20,15,10
st:,0,1,21,22,23,22
st:,19,14,13,8,3,13
st:,19,18,23,22,21,20
st:,14,9,8,3,13,8
st:,22,23,18,23,23,18
st:,18,23,22,23,23,22
st:,5,6,11,6,1,21
st:,10,5,6,7,8,7
st:,10,5,6,11,6,1
st:,10,5,6,5,6,5
st:,5,6,1,21,20,15
st:,15,10,5,6,1,21
st:,20,15,10,5,5,6
st:,21,20,15,10,10,5
st:,17,22,21,20,15,10
st:,7,2,1,21,20,15
st:,1,21,20,15,20,15
st:,10,5,6,1,21,20
st:,22,23,22,17,12,7
st:,3,13,8,3,13,18
st:,1,21,20,15,10,5
st:,5,6,5,6,1,21
st:,6,1,21,20,15,10
st:,15,10,5,6,1,21
st:,24,19,14,13,8,3
st:,4,3,13,8,3,13
st:,0,1,21,22,22,21
st:,3,13,8,3,13,8
st:,3,13,8,13,8,3
st:,18,13,14,13,8,3
st:,24,19,24,19,14,9
st:,15,10,5,6,1,21
st:,19,18,13,8,3,13
st:,19,19,14,13,8,3
st:,9,8,3,13,8,3
st:,8,3,13,8,7,6
st:,3,13,8,3,13,8
st:,10,5,6,1,21,20
st:,24,24,19,14,9,4
st:,11,6,1,21,20,15
st:,19,18,19,18,13,8
st:,19,14,13,8,3,13
st:,21,20,15,10,5,6
st:,9,4,4,3,13,8
st:,18,23,22,17,12,7
st:,21,20,15,10,5,6
st:,17,12,7,6,1,21
st:,4,3,13,8,3,13
st:,7,6,1,21,20,15
st:,5,5,6,1,21,21
st:,13,8,3,13,8,3
st:,24,23,22,17,12,7
st:,8,3,13,8,3,13
st:,5,0,0,1,21,22
st:,6,1,21,16,21,22
st:,17,12,7,2,1,21
st:,14,13,8,3,13,14
st:,18,23,18,17,12,11
st:,22,17,12,13,8,3
st:,8,3,13,12,7,2
st:,23,22,23,22,23,24
st:,20,15,10,5,6,1
st:,4,3,13,8,3,13
st:,15,16,15,10,5,6
st:,9,8,3,13,8,3
st:,1,21,20,15,10,5
st:,3,13,8,3,13,8
st:,15,10,5,6,1,21
st:,13,8,3,13,8,3
st:,9,8,3,13,8,3
st:,15,10,11,6,1,21
st:,0,1,21,20,15,10
st:,8,3,13,8,3,13
st:,24,23,24,19,18,17
st:,6,1,21,20,15,10
st:,2,1,21,22,23,22
st:,5,6,1,21,22,23
st:,21,20,15,10,5,6
st:,5,6,1,21,20,15
st:,20,15,10,10,5,6
st:,4,9,8,3,13,8
st:,14,9,8,3,13,8
st:,23,24,23,24,23,24
st:,8,3,13,8,3,13
st:,19,18,23,18,23,18
st:,14,13,8,3,13,8
st:,3,13,8,3,13,8
st:,24,19,14,9,9,8
st:,5,6,5,6,1,21
st:,12,11,6,1,21,20
st:,9,8,3,13,8,3
st:,12,7,8,3,13,8
st:,12,7,6,1,21,20
st:,15,10,5,6,1,21
st:,19,14,13,8,3,13
st:,18,17,12,7,6,1
st:,22,21,20,15,10,5
st:,15,10,5,6,1,21
st:,10,5,6,1,21,20
st:,9,8,9,8,3,13
st:,18,23,23,24,19,14
st:,21,20,20,15,10,5
st:,4,3,13,8,3,13
st:,15,10,5,6,1,21
st:,12,7,6,1,21,20
st:,6,1,21,20,15,10
st:,12,7,6,1,21,20
st:,17,12,7,2,2,1
st:,18,17,12,11,6,1
st:,23,22,21,20,15,10
st:,4,4,3,13,8,3
st:,22,23,22,21,20,15
st:,11,6,1,21,20,15
st:,18,13,8,3,13,8
st:,22,22,23,24,23,24
st:,14,13,8,3,13,18
st:,24,19,14,9,8,3
st:,15,10,5,6,1,21
st:,21,21,22,21,22,21
st:,12,7,6,1,21,20
st:,5,6,1,21,20,15
st:,15,10,5,6,1,21
st:,23,18,17,12,7,6
st:,22,21,22,21,22,21
st:,19,18,17,18,17,12
st:,10,11,16,17,12,11
st:,8,3,13,8,3,13
st:,22,21,20,15,10,5
st:,11,6,1,21,20,15
st:,3,13,8,3,13,18
st:,12,11,6,1,21,20
st:,20,15,10,5,6,5
st:,0,1,21,20,15,10
st:,10,5,6,1,21,21
st:,10,5,6,1,21,20
st:,5,6,1,21,20,15
st:,9,8,3,13,8,3
st:,6,11,6,1,21,20
st:,14,9,8,3,13,8
st:,8,3,13,14,19,18
st:,5,6,1,21,20,21
st:,7,2,1,21,21,20
st:,16,11,6,11,6,1
st:,3,13,12,7,6,1
st:,22,23,18,17,12,7
st:,10,5,6,1,21,20
st:,19,18,17,12,7,2
st:,9,8,3,13,8,3
st:,14,13,8,3,13,18
st:,1,21,20,15,10,5
st:,9,8,3,13,8,3
st:,0,1,21,20,15,10
st:,9,4,3,13,8,3
st:,9,8,9,8,13,14
st:,20,15,10,5,6,1
st:,21,20,15,10,5,6
st:,17,12,7,2,1,21
st:,9,8,13,8,7,6
st:,21,20,15,10,5,6
st:,18,17,16,15,10,5
st:,2,1,21,20,15,15
st:,22,21,20,20,15,10
st:,4,3,13,8,3,13
st:,4,3,13,8,3,13
st:,18,13,8,3,13,8
st:,9,8,3,13,14,13
st:,19,18,13,8,13,8
st:,14,9,8,3,13,14
st:,16,15,10,15,10,5
st:,1,21,20,15,10,5
st:,17,12,7,2,1,21
st:,2,1,21,20,15,10
st:,6,1,21,20,15,10
st:,9,8,3,13,8,3
st:,4,4,3,13,14,13
st:,11,6,1,21,16,11
st:,19,18,13,8,3,13
st:,7,2,1,21,20,15
st:,23,22,22,23,22,21
st:,10,5,6,1,21,20
st:,9,8,3,13,12,7
st:,8,3,13,8,3,13
st:,7,2,1,21,20,20
st:,7,6,1,21,20,20
st:,19,14,9,8,3,13
st:,21,20,15,10,5,6
st:,22,23,22,17,12,11
st:,13,8,3,13,8,3
st:,21,20,15,10,5,6
st:,19,18,13,8,3,13
st:,5,5,6,1,21,20
st:,23,18,13,8,7,12
st:,8,3,13,18,13,8
st:,10,11,6,1,21,20
st:,7,6,1,21,20,15
st:,5,6,1,21,20,15
st:,24,19,18,13,8,3
st:,8,3,13,8,3,13
st:,11,6,1,21,20,15
st:,1,21,20,15,10,5
st:,14,9,8,3,13,8
st:,12,7,8,3,13,8
st:,22,21,20,15,10,5
st:,9,8,3,13,18,13
st:,21,20,15,10,5,6
st:,12,7,12,7,6,1
st:,24,23,22,23,22,23
st:,4,3,13,14,13,8
st:,20,15,10,5,6,5
st:,19,19,18,13,8,3
st:,7,2,1,21,20,15
st:,5,6,1,21,20,15
st:,10,5,6,1,21,20
st:,23,18,13,8,3,13
st:,23,22,21,20,15,10
st:,10,10,5,6,5,6
st:,24,19,14,9,8,3
st:,16,15,10,11,6,1
st:,0,1,21,20,15,10
st:,21,20,15,10,5,6
st:,1,21,20,15,10,5
st:,24,24,19,18,13,8
st:,15,10,5,6,1,21
st:,20,15,10,5,6,1
st:,14,9,9,8,3,13
st:,11,6,1,21,20,15
st:,1,21,20,15,10,5
st:,16,21,20,20,20,21
st:,14,9,8,3,13,8
st:,5,6,1,21,22,17
st:,17,12,11,10,5,6
st:,18,13,8,3,13,8
st:,15,10,5,6,1,21
st:,16,11,6,1,21,20
st:,24,23,18,13,8,3
st:,18,13,8,3,13,18
st:,6,1,21,21,21,20
st:,6,1,21,20,15,15
st:,12,11,10,5,6,1
st:,17,12,7,12,7,6
st:,0,1,21,20,15,10
st:,13,8,3,13,8,3
st:,6,11,6,1,21,22
st:,19,18,19,18,13,8
st:,23,22,21,20,15,10
st:,11,6,1,21,20,15
st:,15,10,5,6,1,21
st:,6,1,21,20,21,20
st:,16,11,6,1,21,20
st:,19,18,13,8,7,2
st:,20,15,10,5,6,1
st:,16,15,15,10,5,6
st:,5,6,1,21,20,15
st:,11,6,1,21,20,21
st:,15,10,5,6,1,21
st:,0,1,21,20,15,10
st:,21,20,15,10,5,6
st:,10,10,5,6,11,6
st:,13,8,3,13,8,3
st:,8,3,13,8,3,13
st:,22,23,22,23,22,23
st:,14,9,8,3,13,8
st:,1,21,20,15,15,10
st:,16,15,10,5,6,1
st:,9,8,3,13,8,3
st:,21,20,20,15,10,5
st:,8,3,13,8,3,13
st:,6,1,21,21,20,15
st:,22,22,21,20,20,15
st:,12,7,2,1,21,20
st:,10,5,5,6,1,21
st:,6,1,21,20,15,10
st:,15,10,15,20,15,20
st:,12,7,2,1,21,20
st:,19,18,13,12,7,2
st:,9,8,3,13,8,3
st:,5,6,1,21,20,15
st:,21,20,15,10,15,10
st:,15,15,10,15,10,5
st:,8,3,13,8,3,13
st:,18,13,14,13,8,3
st:,10,5,6,1,21,20
st:,2,7,2,1,21,20
st:,13,8,9,8,3,13
st:,10,5,5,0,1,21
st:,24,23,23,22,22,21
st:,24,19,14,13,8,3
st:,6,1,21,20,15,20
st:,24,23,22,21,21,20
st:,13,8,3,13,8,3
st:,6,1,21,20,15,10
st:,4,4,3,13,8,3
st:,10,5,6,1,21,20
st:,3,13,8,3,13,8
st:,14,19,14,9,8,7
st:,14,14,9,8,7,6
st:,23,22,23,22,22,23
st:,15,10,5,6,1,21
st:,19,14,9,8,3,13
st:,9,8,13,12,7,8
st:,4,3,13,8,3,13
st:,8,3,13,14,13,8
st:,7,2,1,21,20,15
st:,24,19,18,13,8,3
st:,11,6,1,21,21,20
st:,0,5,6,5,6,1
st:,11,6,1,21,16,21
st:,7,6,1,21,20,15
st:,9,8,3,13,8,3
st:,24,19,24,19,24,24
st:,24,19,14,14,9,4
st:,20,15,10,5,6,1
st:,15,10,5,6,1,21
st:,20,15,10,15,10,5
st:,17,12,7,6,1,21
st:,9,8,3,13,18,19
st:,21,20,15,20,15,10
st:,22,21,20,15,10,10
st:,19,14,13,8,3,13
st:,19,14,9,8,3,13
st:,3,13,12,7,6,7
st:,9,14,9,8,3,13
st:,23,18,13,8,3,13
st:,2,1,21,16,21,20
st:,12,7,6,1,21,16
st:,13,8,3,13,8,3
st:,7,6,1,21,21,20
st:,20,15,10,5,6,1
st:,12,7,6,1,21,20
st:,21,20,15,10,5,6
st:,19,14,9,9,8,3
st:,0,1,21,20,15,10
st:,15,10,5,6,1,21
st:,6,1,21,20,15,10
st:,2,1,21,21,16,11
st:,20,15,10,5,6,1
st:,24,19,14,9,8,13
st:,22,23,18,13,8,3
st:,0,1,21,20,15,10
st:,10,5,10,5,5,6
st:,0,1,21,20,15,10
st:,3,13,8,3,13,8
st:,19,14,9,8,3,13
st:,14,13,12,7,2,1
st:,20,21,20,15,10,5
st:,22,21,20,15,10,15
st:,3,13,8,3,13,8
st:,4,3,13,14,9,8
st:,11,16,15,10,15,10
st:,1,21,20,15,10,5
st:,2,1,21,20,15,10
st:,9,8,3,13,8,9
st:,9,8,3,13,8,3
st:,20,20,20,20,15,16
st:,10,5,6,1,21,22
st:,12,7,8,3,13,8
st:,21,20,15,10,5,6
st:,19,14,9,8,3,13
st:,22,21,20,15,10,5
st:,4,3,13,8,3,13
st:,16,21,20,15,10,5
st:,17,12,7,2,1,21
st:,7,12,7,2,3,13
st:,0,1,21,20,15,10
st:,13,8,3,13,8,3
st:,20,15,10,5,6,1
st:,12,7,8,3,13,8
st:,3,13,8,3,13,8
st:,19,18,13,8,3,13
st:,21,21,20,15,10,5
st:,6,1,21,20,15,10
st:,23,22,21,20,15,20
st:,24,19,18,13,14,14
st:,15,10,5,6,7,2
st:,1,21,16,17,12,7
st:,17,12,7,12,17,12
st:,5,6,5,6,1,21
st:,14,9,8,3,13,8
st:,1,21,16,11,6,1
st:,14,9,8,3,13,8
st:,7,6,1,21,20,15
st:,19,14,9,8,3,13
st:,23,22,21,20,15,10
st:,24,19,14,13,14,13
st:,21,20,20,15,10,10
st:,17,12,7,6,1,21
st:,20,15,10,5,6,1
st:,1,21,20,15,10,5
st:,22,17,16,11,6,1

>*<*<
>^^^<
^^^^^
^*^^^
^<*^<

9.407894736842106,9.888888888888882,8.692307692307692,7.372832369942197,6.82051282051282,
5.311170212765956,7.795180722891566,5.822525597269621,6.148,3.797202797202797,
4.025139664804474,6.7560975609756095,4.435435435435432,6.076458752515091,2.376146788990825,
4.009411764705883,2.605263157894737,2.8260869565217397,1.4827586206896552,0.2912621359223301,
5.067391304347826,5.888888888888889,2.717616580310882,-0.5357142857142857,-0.37681159420289856,

>.<.<
>^^^<
^^^^^
^^^^<
^^<<<
