
<<.*<
****<
<>>*<
^<**<
>*^<.

0.0,0.0,0.0,0.0,0.0,
0.0,0.0,0.0,0.0,0.0,
0.0,0.0,0.0,0.0,0.0,
0.0,0.0,0.0,0.0,0.0,
0.0,0.0,0.0,0.0,0.0,

^^^^^
^^^^^
^^^^^
^^^^^
^^^^^
st:,21,20,20,21,16
st:,5,0,0,5,5
st:,0,0,0,0,0
st:,14,14,13,14,14
st:,21,22,21,22,22
st:,9,14,19,8,9
st:,2,1,0,1,2
st:,16,3,3,8,9
st:,23,18,23,24,19
st:,10,10,15,10,10
st:,22,23,22,23,22
st:,12,7,12,11,12
st:,8,9,14,19,8
st:,6,1,0,0,1
st:,4,9,14,19,8
st:,5,6,1,0,1
st:,14,9,14,19,8
st:,23,23,23,23,18
st:,1,0,1,0,1
st:,16,3,8,9,14
st:,8,9,14,9,14
st:,22,17,18,17,22
st:,24,19,8,9,14
st:,4,3,3,3,3
st:,24,19,8,9,14
st:,18,17,22,23,24
st:,17,16,3,8,9
st:,8,9,14,19,8
st:,17,16,3,8,9
st:,15,20,15,20,15
st:,16,3,8,9,14
st:,22,23,22,23,22
st:,20,15,20,20,15
st:,11,16,3,2,3
st:,19,8,9,4,4
st:,23,22,17,18,17
st:,15,15,15,15,15
st:,7,12,17,16,3
st:,11,16,3,2,3
st:,19,8,9,14,19
st:,17,16,3,2,3
st:,2,3,8,9,14
st:,4,9,4,9,4
st:,13,8,9,14,9
st:,20,20,20,20,20
st:,12,17,16,3,2
st:,18,19,8,9,14
st:,20,20,21,21,21
st:,3,2,3,4,4
st:,6,1,1,0,1
st:,12,17,16,3,8
st:,1,6,5,6,5
st:,12,17,16,3,8
st:,12,17,16,3,8
st:,7,12,17,16,3
st:,4,3,8,9,14
st:,22,17,16,3,2
st:,17,12,17,22,17
st:,2,1,6,1,6
st:,16,3,2,3,2
st:,24,24,19,8,9
st:,9,14,13,12,17
st:,2,3,2,3,2
st:,3,2,3,8,9
st:,14,19,8,13,18
st:,0,1,0,1,0
st:,10,15,15,20,15
st:,6,7,12,17,16
st:,23,24,24,24,24
st:,8,9,14,19,8
st:,10,11,16,3,8
st:,7,12,17,16,3
st:,6,7,12,17,16
st:,16,3,8,13,18
st:,18,19,8,13,18
st:,13,18,13,18,19
st:,18,19,8,3,8
st:,21,22,17,16,3
st:,19,8,13,12,17
st:,19,8,13,14,19
st:,16,3,8,13,18
st:,15,20,15,20,15
st:,12,7,12,17,16
st:,11,16,3,8,13
st:,11,16,3,8,13
st:,0,1,0,1,0
st:,21,22,17,16,3
st:,23,22,17,16,3
st:,0,1,0,1,0
st:,3,8,7,12,11
st:,20,15,16,3,8
st:,3,2,3,8,13
st:,15,16,3,8,13
st:,8,13,18,19,8
st:,16,3,8,13,18
st:,0,1,6,1,6
st:,15,16,3,8,13
st:,0,1,2,3,8
st:,15,16,3,8,7
st:,4,4,4,4,4
st:,8,13,18,19,8
st:,10,11,16,3,4
st:,20,15,15,16,3
st:,2,3,8,13,18
st:,23,22,23,22,21
st:,6,11,16,3,8
st:,16,3,8,13,12
st:,10,11,16,3,8
st:,7,8,9,14,19
st:,22,17,12,7,12
st:,17,16,3,8,3
st:,24,19,8,7,12
st:,18,23,22,17,16
st:,11,16,3,8,3
st:,16,3,8,3,8
st:,17,16,3,8,3
st:,17,16,3,8,3
st:,17,16,3,8,3
st:,22,23,22,17,16
st:,3,8,3,8,3
st:,7,12,17,16,3
st:,19,8,3,8,3
st:,19,8,3,8,3
st:,3,8,9,14,14
st:,5,5,6,11,16
st:,24,19,8,13,12
st:,13,12,17,16,3
st:,22,22,17,16,3
st:,14,19,8,3,8
st:,13,12,11,16,3
st:,5,6,11,16,3
st:,7,12,17,16,3
st:,6,11,16,3,8
st:,17,16,3,8,13
st:,11,6,11,6,11
st:,11,16,3,8,13
st:,18,19,8,3,8
st:,19,8,13,12,17
st:,8,13,12,7,12
st:,15,16,3,8,13
st:,3,8,13,12,17
st:,23,23,22,17,16
st:,22,22,22,22,22
st:,2,3,8,3,8
st:,14,19,8,3,2
st:,10,15,16,3,8
st:,17,12,17,16,3
st:,20,15,16,3,4
st:,16,3,8,13,18
st:,13,18,17,16,3
st:,18,17,22,17,16
st:,22,23,22,17,16
st:,10,11,16,3,2
st:,0,1,0,1,6
st:,19,8,13,18,19
st:,12,17,16,3,8
st:,5,6,11,16,3
st:,15,16,3,4,9
st:,5,6,11,16,3
st:,1,0,5,6,11
st:,3,4,9,14,19
st:,1,0,5,5,6
st:,0,1,0,1,0
st:,14,19,8,7,12
st:,24,19,8,13,18
st:,10,11,16,3,8
st:,8,13,18,19,8
st:,3,8,13,18,19
st:,14,19,8,13,18
st:,8,13,18,19,8
st:,22,22,17,16,3
st:,23,22,17,16,3
st:,12,17,16,3,8
st:,12,17,16,3,8
st:,2,3,8,13,18
st:,17,16,3,8,3
st:,20,15,16,3,8
st:,20,15,16,3,8
st:,14,19,8,13,18
st:,4,4,3,8,13
st:,8,13,18,19,8
st:,16,3,8,13,8
st:,11,16,3,8,3
st:,10,11,16,3,8
st:,2,2,3,8,3
st:,20,20,15,16,3
st:,18,19,8,3,8
st:,24,19,8,3,8
st:,6,7,12,17,16
st:,6,11,16,3,8
st:,19,8,13,12,17
st:,22,17,16,3,8
st:,22,17,16,3,2
st:,24,19,8,7,6
st:,15,16,3,8,3
st:,15,16,3,8,13
st:,20,15,16,3,8
st:,21,22,17,16,3
st:,8,3,8,13,14
st:,0,1,2,3,8
st:,21,22,17,16,3
st:,9,14,19,8,13
st:,5,10,11,16,3
st:,7,2,3,8,3
st:,24,19,8,3,8
st:,4,4,9,14,19
st:,2,7,2,3,3
st:,5,10,11,16,3
st:,7,6,5,10,11
st:,23,22,17,16,3
st:,9,14,19,8,3
st:,13,18,19,8,13
st:,16,3,8,3,8
st:,4,9,8,3,8
st:,24,24,19,8,13
st:,11,16,3,8,3
st:,16,3,8,7,12
st:,7,12,17,16,3
st:,0,5,10,11,16
st:,15,16,3,8,3
st:,8,13,8,13,8
st:,2,3,8,3,8
st:,11,16,3,3,8
st:,17,16,3,8,7
st:,3,8,7,12,17
st:,2,3,4,9,14
st:,6,11,16,3,8
st:,5,10,11,16,3
st:,3,8,3,8,3
st:,8,7,12,17,16
st:,21,21,22,22,22
st:,22,17,16,3,2
st:,24,24,19,8,7
st:,17,22,17,16,3
st:,9,14,19,8,13
st:,16,3,8,3,8
st:,24,19,8,3,2
st:,14,19,8,3,2
st:,23,22,17,16,3
st:,23,22,17,12,17
st:,6,11,16,3,8
st:,21,22,17,16,3
st:,12,17,16,3,2
st:,5,10,11,16,3
st:,6,5,5,10,11
st:,19,8,3,2,7
st:,21,22,17,22,17
st:,20,15,16,3,8
st:,24,19,8,3,8
st:,3,8,13,12,17
st:,6,5,10,11,16
st:,21,22,17,16,3
st:,2,7,12,17,16
st:,14,19,8,13,18
st:,24,19,8,3,8
st:,7,12,17,18,19
st:,15,16,3,2,3
st:,24,19,8,13,18
st:,8,3,8,3,8
st:,24,19,8,7,12
st:,7,12,17,16,3
st:,6,11,16,3,2
st:,20,15,16,3,8
st:,10,11,16,3,8
st:,16,3,2,3,2
st:,3,2,3,2,3
st:,21,22,17,16,3
st:,15,16,3,8,13
st:,9,14,19,8,13
st:,11,16,3,4,4
st:,5,0,0,5,10
st:,21,22,17,16,3
st:,3,8,13,18,19
st:,13,18,19,8,13
st:,12,11,16,3,2
st:,5,10,11,16,3
st:,4,4,4,4,4
st:,3,2,3,3,8
st:,12,17,16,3,8
st:,4,4,9,14,9
st:,17,16,3,2,3
st:,12,17,16,3,3
st:,15,16,3,2,1
st:,1,0,1,2,1
st:,17,16,3,8,7
st:,3,8,7,12,17
st:,15,16,3,8,13
st:,24,19,8,13,18
st:,16,3,2,1,2
st:,18,17,22,17,16
st:,17,16,3,8,13
st:,10,11,16,3,2
st:,17,16,3,2,2
st:,16,3,2,2,2
st:,16,3,2,2,2
st:,9,9,14,19,8
st:,6,11,16,3,2
st:,19,8,13,18,19
st:,18,19,8,7,8
st:,10,11,16,3,2
st:,6,11,16,3,2
st:,11,16,3,2,2
st:,10,11,16,3,2
st:,13,18,19,8,13
st:,23,22,17,18,13
st:,12,17,16,3,2
st:,7,12,13,18,23
st:,16,3,2,2,2
st:,4,9,9,9,9
st:,11,16,3,2,2
st:,12,17,16,3,8
st:,0,5,10,11,12
st:,0,0,5,10,11
st:,23,18,17,16,3
st:,15,16,3,2,2
st:,7,12,17,16,3
st:,2,2,2,2,2
st:,6,11,16,3,8
st:,8,13,8,13,18
st:,10,11,16,3,3
st:,3,2,2,2,2
st:,15,16,3,2,2
st:,8,3,2,2,2
st:,8,13,18,19,8
st:,5,10,11,16,3
st:,1,6,11,16,3
st:,13,18,19,8,13
st:,10,11,16,3,2
st:,21,20,15,15,20
st:,16,3,2,2,2
st:,16,3,2,2,1
st:,2,1,1,2,2
st:,4,9,14,19,8
st:,20,15,15,16,3
st:,24,19,8,13,12
st:,8,3,2,2,7
st:,5,10,11,16,3
st:,20,15,10,10,15
st:,10,11,16,3,2
st:,13,12,13,18,19
st:,10,11,16,3,2
st:,20,21,22,17,16
st:,2,2,2,2,2
st:,18,19,8,13,12
st:,18,19,8,3,2
st:,10,11,12,17,16
st:,8,7,12,17,16
st:,10,11,16,3,2
st:,22,17,16,3,2
st:,21,22,23,18,19
st:,0,1,6,11,16
st:,9,14,19,8,13
st:,3,2,1,6,7
st:,17,16,3,2,2
st:,8,9,14,19,8
st:,7,12,17,16,3
st:,23,18,19,8,13
st:,21,21,20,15,16
st:,8,13,18,13,18
st:,12,17,16,3,2
st:,5,6,11,16,3
st:,9,14,19,8,13
st:,20,15,16,3,8
st:,1,2,2,2,1
st:,8,13,18,19,8
st:,9,14,19,8,13
st:,2,2,2,2,2
st:,13,18,19,8,13
st:,0,5,10,11,16
st:,11,16,3,2,1
st:,23,18,13,18,19
st:,17,16,3,2,1
st:,18,19,8,13,18
st:,20,15,16,3,2
st:,0,1,6,11,16
st:,21,22,17,16,3
st:,24,19,8,13,12
st:,12,17,16,3,4
st:,0,1,2,1,2
st:,7,6,11,16,3
st:,4,9,14,14,19
st:,5,10,11,10,11
st:,18,23,22,17,16
st:,13,18,19,8,13
st:,15,16,3,2,1
st:,17,16,3,2,2
st:,7,6,11,16,3
st:,16,3,2,1,6
st:,4,9,4,9,8
st:,3,2,1,6,11
st:,24,19,8,13,18
st:,0,5,10,15,16
st:,2,1,6,11,16
st:,12,17,16,3,4
st:,6,11,16,3,2
st:,8,7,6,11,16
st:,6,11,16,3,2
st:,0,1,1,6,11
st:,18,19,8,9,14
st:,3,2,1,6,11
st:,9,14,19,8,13
st:,0,1,6,11,16
st:,14,14,19,8,13
st:,12,17,16,3,2
st:,2,1,2,2,1
st:,3,3,2,1,6
st:,24,19,8,13,12
st:,21,22,17,18,17
st:,7,6,11,16,3
st:,18,19,8,13,18
st:,1,6,11,16,3
st:,12,17,12,17,22
st:,5,6,11,16,3
st:,13,12,17,22,17
st:,11,16,3,2,2
st:,11,16,3,2,3
st:,2,2,2,2,2
st:,24,19,8,13,18
st:,17,18,19,8,13
st:,15,16,3,2,2
st:,23,18,19,8,13
st:,19,8,3,2,1
st:,4,9,14,19,8
st:,11,16,3,2,1
st:,9,14,19,8,13
st:,18,19,8,13,18
st:,14,19,8,13,18
st:,12,17,16,3,2
st:,21,22,22,21,22
st:,10,11,16,3,2
st:,21,20,15,16,3
st:,9,14,19,8,13
st:,22,21,22,17,16
st:,1,0,5,6,11
st:,11,10,11,6,11
st:,24,19,8,13,18
st:,5,6,11,16,3
st:,17,16,3,2,1
st:,18,13,18,19,8
st:,19,8,13,18,19
st:,2,1,0,5,6
st:,7,6,11,16,3
st:,17,16,3,2,2
st:,19,8,13,12,17
st:,12,17,16,3,2
st:,5,6,7,6,11
st:,5,10,10,11,16
st:,3,2,1,6,11
st:,22,17,16,3,2
st:,19,8,13,18,19
st:,5,6,11,16,3
st:,24,19,8,3,2
st:,20,20,15,16,3
st:,16,3,3,2,2
st:,22,17,16,3,2
st:,1,6,11,6,11
st:,13,18,19,8,3
st:,7,12,7,6,11
st:,14,19,8,3,2
st:,0,1,6,11,16
st:,7,6,11,16,3
st:,11,16,3,2,3
st:,2,2,2,2,2
st:,13,18,19,8,13
st:,10,11,16,3,2
st:,4,9,14,19,8
st:,5,6,11,16,3
st:,23,18,19,8,13
st:,24,19,8,3,2
st:,18,23,18,13,12
st:,1,6,11,16,3
st:,9,14,19,8,3
st:,23,23,18,19,8
st:,5,6,7,6,7
st:,0,1,6,1,6
st:,23,18,19,8,3
st:,2,1,6,11,16
st:,20,15,16,3,2
st:,18,19,8,13,18
st:,0,5,6,11,6
st:,14,19,8,3,2
st:,4,9,4,9,14
st:,24,19,8,13,8
st:,9,14,19,8,3
st:,22,17,16,3,2
st:,19,8,13,18,19
st:,23,18,13,18,19
st:,12,7,6,11,16
st:,5,6,11,16,3
st:,23,18,19,8,13
st:,15,16,3,2,1
st:,22,17,16,3,2
st:,18,19,8,13,8
st:,19,8,3,2,1
st:,11,6,11,16,3
st:,13,18,19,8,3
st:,14,19,8,3,2
st:,16,3,8,3,2
st:,15,16,3,2,2
st:,13,18,19,8,13
st:,19,8,3,2,1
st:,2,1,6,1,6
st:,9,14,19,8,7
st:,12,13,18,19,8
st:,1,6,11,16,3
st:,18,19,8,3,2
st:,1,6,11,16,3
st:,7,6,11,16,3
st:,4,9,14,19,8
st:,22,17,16,3,2
st:,20,21,22,17,16
st:,18,19,8,3,2
st:,2,1,6,11,10
st:,11,16,3,2,1
st:,23,18,19,8,13
st:,24,19,8,13,18
st:,12,17,18,13,18
st:,23,18,19,8,13
st:,5,6,7,6,11
st:,8,13,14,19,8
st:,0,5,0,5,6
st:,13,18,13,18,19
st:,2,7,6,11,16
st:,3,2,1,2,1
st:,10,11,16,3,4
st:,1,6,11,16,3
st:,9,14,19,8,3
st:,4,9,14,19,8
st:,15,10,11,16,3
st:,7,6,11,16,3
st:,21,21,22,22,17
st:,3,2,1,6,11
st:,8,3,2,1,6
st:,20,15,16,3,2
st:,15,16,3,2,3
st:,23,18,19,8,13
st:,16,3,2,2,2
st:,22,17,22,17,16
st:,1,6,11,16,3
st:,8,13,18,23,18
st:,24,19,8,3,2
st:,19,8,7,6,11
st:,15,15,16,3,2
st:,23,18,19,8,3
st:,23,18,19,8,13
st:,2,3,2,3,2
st:,11,16,3,2,2
st:,9,14,19,8,13
st:,12,17,16,3,2
st:,11,16,3,2,2
st:,23,18,19,8,13
st:,10,11,16,3,2
st:,23,18,19,8,7
st:,23,18,19,8,9
st:,23,18,13,18,19
st:,6,11,16,3,2
st:,5,5,6,11,16
st:,18,19,8,13,14
st:,4,9,14,19,8
st:,22,17,16,3,2
st:,13,12,11,16,3
st:,5,10,11,16,3
st:,7,6,11,16,3
st:,7,6,7,6,11
st:,23,18,19,8,3
st:,19,8,3,2,2
st:,0,5,10,5,10
st:,17,16,3,2,2
st:,9,14,19,8,3
st:,12,13,12,11,16
st:,15,16,3,2,2
st:,21,22,23,18,19
st:,12,17,16,3,2
st:,16,3,2,2,2
st:,19,8,13,12,17
st:,3,2,2,2,2
st:,21,22,17,16,3
st:,10,11,16,3,2
st:,22,17,16,3,2
st:,11,16,3,2,2
st:,6,11,16,3,2
st:,11,16,3,2,1
st:,5,6,11,16,3
st:,6,11,16,3,2
st:,4,9,14,9,14
st:,13,18,19,8,13
st:,18,19,8,3,2
st:,15,16,3,2,2
st:,13,14,19,8,13
st:,21,16,3,2,3
st:,24,24,24,19,8
st:,24,19,8,13,18
st:,15,16,3,3,2
st:,0,1,6,11,16
st:,10,5,6,11,6
st:,8,13,12,11,16
st:,3,4,9,14,14
st:,10,11,16,3,2
st:,5,6,11,16,3
st:,12,13,18,19,8
st:,11,16,3,2,2
st:,10,11,16,3,2
st:,4,4,9,14,13
st:,11,16,3,2,2
st:,10,11,16,3,2
st:,19,8,3,2,2
st:,12,17,16,3,2
st:,8,13,12,17,16
st:,24,19,8,13,18
st:,6,11,16,3,2
st:,13,18,23,18,19
st:,2,2,2,2,2
st:,23,23,18,19,8
st:,3,2,2,2,2
st:,7,6,11,16,3
st:,7,6,11,16,3
st:,24,19,8,3,8
st:,23,18,19,8,3
st:,21,16,3,2,2
st:,18,19,8,13,18
st:,14,19,8,13,18
st:,11,16,3,2,2
st:,1,6,11,16,3
st:,2,2,2,2,2
st:,3,2,2,2,2
st:,16,3,2,1,6
st:,0,5,6,11,12
st:,2,2,2,2,2
st:,24,19,8,3,2
st:,9,14,19,8,13
st:,10,15,16,3,2
st:,0,5,6,11,16
st:,5,0,1,6,11
st:,9,14,19,8,13
st:,22,17,16,3,4
st:,5,6,11,16,3
st:,4,9,14,19,8
st:,14,19,8,3,2
st:,11,16,3,2,1
st:,1,6,11,12,17
st:,7,6,11,16,3
st:,16,3,2,1,6
st:,18,19,8,7,6
st:,15,16,3,2,1
st:,14,19,8,3,4
st:,15,16,3,2,1
st:,15,20,15,16,3
st:,23,18,19,8,3
st:,6,11,16,3,2
st:,18,19,8,3,8
st:,11,16,3,4,9
st:,21,16,3,2,1
st:,8,13,18,19,8
st:,21,16,3,3,2
st:,11,6,7,12,17
st:,12,17,16,3,2
st:,21,22,17,16,3
st:,12,17,16,3,2
st:,13,18,19,8,3
st:,13,18,19,8,3
st:,1,6,11,16,3
st:,20,15,16,3,2
st:,17,16,3,2,1
st:,12,17,16,3,2
st:,5,6,11,16,3
st:,13,18,19,8,3
st:,9,14,19,8,3
st:,6,11,16,3,3
st:,0,1,6,11,16
st:,21,16,3,2,1
st:,13,18,19,8,3
st:,22,17,16,3,3
st:,16,3,2,1,6
st:,19,8,13,18,19
st:,22,22,17,16,3
st:,7,6,11,16,3
st:,11,16,3,2,1
st:,15,16,3,2,1
st:,15,15,20,15,16
st:,17,16,3,2,1
st:,17,16,3,2,1
st:,21,22,17,16,3
st:,14,19,8,3,2
st:,19,8,13,18,19
st:,6,11,16,3,2
st:,14,19,8,3,2
st:,6,11,12,17,16
st:,19,8,13,18,19
st:,17,16,3,2,1
st:,14,19,8,13,12
st:,8,3,2,7,6
st:,8,3,2,1,6
st:,9,8,13,18,19
st:,18,19,8,13,18
st:,11,16,3,2,1
st:,9,14,19,8,13
st:,7,6,11,16,3
st:,6,11,16,3,2
st:,18,23,18,19,8
st:,19,8,3,2,1
st:,10,11,16,3,2
st:,20,15,16,3,2
st:,9,14,19,8,3
st:,19,8,3,2,1
st:,17,16,3,2,1
st:,18,19,8,13,18
st:,17,16,3,2,1
st:,18,23,18,19,8
st:,20,15,16,3,2
st:,13,18,19,8,13
st:,18,19,8,13,12
st:,11,10,11,16,3
st:,2,1,6,5,10
st:,6,11,16,3,2
st:,21,16,3,3,2
st:,20,15,16,3,2
st:,15,16,3,2,1
st:,4,4,4,9,14
st:,4,9,14,19,8
st:,22,17,16,3,2
st:,15,16,3,2,1
st:,21,16,3,2,1
st:,18,19,8,13,12
st:,13,12,17,16,3
st:,17,16,3,2,1
st:,1,2,1,6,11
st:,9,14,14,9,14
st:,18,19,8,13,12
st:,4,9,14,9,14
st:,21,16,3,2,1
st:,6,11,16,3,2
st:,13,12,17,16,3
st:,24,19,8,3,2
st:,20,15,16,3,2
st:,20,15,16,3,2
st:,23,18,19,8,3
st:,16,3,2,1,6
st:,13,18,19,8,13
st:,16,3,2,1,6
st:,15,16,3,2,1
st:,15,16,3,2,1
st:,11,16,3,2,1
st:,9,8,3,3,2
st:,19,8,9,14,19
st:,16,3,2,1,6
st:,17,16,3,2,1
st:,19,8,9,14,19
st:,16,3,8,3,2
st:,3,2,1,6,11
st:,17,16,3,2,1
st:,22,17,22,17,16
st:,5,0,1,1,2
st:,6,11,16,3,2
st:,0,1,6,11,16
st:,13,12,17,16,3
st:,0,1,6,11,16
st:,4,9,14,19,8
st:,18,19,8,3,2
st:,23,18,19,8,13
st:,0,0,1,6,11
st:,2,7,6,11,16
st:,3,2,1,2,1
st:,3,2,1,6,11
st:,0,5,6,11,16
st:,2,7,6,11,16
st:,7,6,7,6,11
st:,12,17,22,17,16
st:,15,16,3,2,1
st:,10,11,10,11,16
st:,23,18,19,8,9
st:,6,11,16,3,4
st:,10,11,16,3,2
st:,1,6,11,16,3
st:,13,12,17,16,3
st:,18,19,8,9,14
st:,10,11,16,3,8
st:,16,3,2,1,6
st:,4,9,14,9,14
st:,1,6,7,6,11
st:,10,11,16,3,4
st:,3,2,1,6,11
st:,7,6,7,6,11
st:,15,16,3,2,1
st:,0,5,6,11,16
st:,18,19,8,13,12
st:,15,16,3,2,1
st:,13,12,17,16,3
st:,1,6,11,16,3
st:,0,1,6,11,16
st:,6,11,16,3,2
st:,6,11,16,3,2
st:,10,11,16,3,4
st:,7,6,11,6,11
st:,10,11,16,3,2
st:,5,6,11,16,3
st:,20,15,16,3,2
st:,7,6,11,16,3
st:,24,23,23,23,18
st:,1,6,5,6,11
st:,3,2,1,6,11
st:,18,19,8,13,12
st:,23,18,19,8,13
st:,24,19,8,13,12
st:,11,16,3,2,7
st:,13,12,11,6,11
st:,22,17,16,3,2
st:,20,15,16,3,2
st:,12,17,16,3,8
st:,13,8,13,12,7
st:,2,1,6,11,16
st:,20,15,16,3,2
st:,17,18,19,8,13
st:,4,9,14,19,8
st:,21,16,3,2,1
st:,1,6,11,16,3
st:,18,19,8,13,8
st:,15,16,3,2,1
st:,10,11,16,3,2
st:,13,12,17,16,3
st:,7,6,11,16,3
st:,18,19,8,13,14
st:,20,15,15,16,3
st:,17,16,3,8,13
st:,24,19,8,13,8
st:,4,9,14,19,8
st:,16,3,2,1,6
st:,10,15,10,11,16
st:,3,2,1,6,11
st:,0,1,6,11,16
st:,18,19,8,3,2
st:,5,6,11,16,3
st:,1,6,11,16,3
st:,7,6,11,16,3
st:,4,4,9,14,19
st:,2,1,6,7,6
st:,22,17,16,3,2
st:,1,2,1,6,11
st:,21,16,3,2,3
st:,9,14,19,8,13
st:,10,11,16,3,2
st:,0,5,6,11,16
st:,6,5,6,11,16
st:,1,6,11,16,3
st:,13,8,13,12,17
st:,22,17,16,3,3
st:,3,2,1,6,11
st:,8,13,12,17,16
st:,0,5,6,11,16
st:,19,8,13,12,17
st:,19,8,3,8,7
st:,21,16,3,2,1
st:,24,19,8,9,14
st:,2,3,2,1,6
st:,8,13,12,17,16
st:,17,16,3,2,1
st:,22,17,16,3,2
st:,19,8,13,12,17
st:,8,9,14,14,19
st:,16,3,2,1,1
st:,6,11,16,3,3
st:,20,20,15,16,3
st:,11,16,3,2,1
st:,12,17,16,3,2
st:,23,18,23,18,19
st:,11,16,3,2,1
st:,19,8,3,2,1
st:,1,6,11,16,3
st:,12,17,16,3,2
st:,3,2,1,6,11
st:,22,17,18,19,8
st:,23,18,13,12,17
st:,6,11,16,3,2
st:,16,3,2,1,6
st:,3,2,1,1,6
st:,8,13,8,13,14
st:,11,16,3,3,2
st:,13,18,17,22,17
st:,4,9,14,19,8
st:,9,8,3,2,1
st:,23,18,19,8,13
st:,6,11,16,3,2
st:,15,20,15,16,3
st:,4,9,8,3,4
st:,12,17,16,3,2
st:,13,12,17,16,3
st:,4,9,14,19,8
st:,7,6,11,16,3
st:,24,23,18,19,8
st:,9,14,13,12,7
st:,2,1,6,11,16
st:,23,18,19,8,13
st:,20,15,16,3,2
st:,21,16,3,2,1
st:,17,16,3,2,1
st:,5,6,11,16,3
st:,2,1,6,11,16
st:,3,2,1,6,11
st:,11,16,3,2,1
st:,1,6,7,6,11
st:,18,19,8,13,12
st:,12,17,16,3,2
st:,4,4,9,14,19
st:,21,16,3,2,1
st:,20,15,16,3,2
st:,1,6,11,16,3
st:,6,11,16,3,2
st:,15,16,3,2,1
st:,17,16,3,4,9
st:,24,19,8,13,8
st:,2,1,6,11,16
st:,8,13,12,17,16
st:,18,19,8,7,6
st:,17,16,3,2,1
st:,3,2,1,6,11
st:,7,6,11,16,3
st:,22,17,16,3,2
st:,16,3,4,9,14
st:,4,4,9,14,13
st:,21,16,3,2,1
st:,4,4,9,14,19
st:,7,6,11,16,3
st:,7,6,11,16,3
st:,8,7,6,11,16
st:,12,11,16,3,2
st:,19,8,3,2,1
st:,18,19,8,13,18
st:,14,19,8,3,2
st:,2,1,6,11,16
st:,15,16,3,2,1
st:,10,5,6,11,6
st:,24,19,8,13,12
st:,7,6,11,10,11
st:,17,16,3,2,1
st:,14,19,8,3,2
st:,12,17,16,3,2
st:,19,8,3,2,1
st:,11,16,3,2,1
st:,17,18,19,8,3
st:,9,14,19,8,13
st:,9,14,13,18,19
st:,5,6,11,16,3
st:,13,18,19,8,13
st:,12,17,16,3,2
st:,3,2,2,1,6
st:,20,15,15,16,3
st:,8,13,12,17,16
st:,0,1,6,11,16
st:,14,19,8,9,14
st:,3,2,1,6,11
st:,19,8,13,18,19
st:,20,15,16,3,2
st:,0,1,6,11,6
st:,19,8,3,2,1
st:,6,5,6,11,16
st:,20,21,16,3,2
st:,14,19,8,13,12
st:,11,16,3,2,1
st:,19,8,13,12,17
st:,20,15,16,3,2
st:,23,18,19,8,13
st:,15,16,3,2,1
st:,22,17,16,3,2
st:,8,13,18,23,18
st:,6,11,16,3,2
st:,24,19,8,13,18
st:,21,16,3,4,9
st:,2,1,6,11,16
st:,15,16,3,2,1
st:,19,8,3,3,8
st:,15,16,3,2,1
st:,16,3,2,1,6
st:,14,19,8,3,2
st:,4,9,14,19,8
st:,8,3,3,2,1
st:,24,19,8,3,2
st:,14,19,8,13,18
st:,20,15,16,3,2
st:,23,18,19,8,13
st:,21,16,3,4,9
st:,24,19,8,13,18
st:,21,16,3,2,2
st:,3,2,1,6,5
st:,24,19,8,13,18
st:,1,6,11,16,3
st:,22,17,16,3,2
st:,4,9,4,9,14
st:,21,16,3,2,1
st:,14,19,8,13,12
st:,15,16,3,2,1
st:,20,15,16,3,2
st:,0,1,6,11,16
st:,17,16,3,2,1
st:,11,16,3,2,1
st:,4,4,3,2,3
st:,16,3,2,1,6
st:,8,13,18,19,8
st:,23,18,19,8,13
st:,18,23,18,19,8
st:,15,16,3,2,1
st:,8,7,6,7,6

>.<<.
>.<>.
>....
>.<><
^^^^^

-0.1282051282051282,12.157894736842104,23.58823529411765,31.5974025974026,11.191489361702128,
16.512195121951226,20.32142857142858,17.959183673469393,18.82658959537573,13.23076923076923,
28.70175438596491,31.763033175355446,24.079545454545453,16.21052631578947,18.02352941176471,
38.32926829268292,39.88505747126437,32.999999999999986,17.584,19.93181818181818,
30.340425531914892,37.74999999999999,24.17142857142857,13.893617021276595,19.431818181818183,

..<<.
>.<>.
>....
>^<><
^^^^^
